111111111111
1P0F0F0F0F01
101100001101
101FFF000101
100000C000E1
101F01001101
1111010CFC01
111111111111
with = 12, height = 8
0|0|0|0|0|0|0|0|0|0|0|0|
0|0|0|0|0|0|0|0|0|0|0|0|
0|0|0|0|0|0|0|0|0|0|0|0|
0|0|0|0|0|0|0|0|0|0|0|0|
0|0|0|0|0|0|0|0|0|0|0|0|
0|0|0|0|0|0|0|0|0|0|0|0|
0|0|0|0|0|0|0|0|0|0|0|0|
0|0|0|0|0|0|0|0|0|0|0|0|

-----------------------------
0|0|0|0|0|0|0|0|0|0|0|0|
0|1|2|11|10|11|12|13|28|27|26|0|
0|2|0|0|9|10|13|14|0|0|25|0|
0|3|0|7|8|9|14|15|26|0|24|0|
0|4|5|6|7|16|15|16|25|24|23|0|
0|5|0|7|8|0|16|17|0|0|22|0|
0|0|0|0|9|0|17|18|19|20|21|0|
0|0|0|0|0|0|0|0|0|0|0|0|

-----------------------------
MEEEEH 1, 1
MEEEEH
i = 0
movements made: 1
HORA DE REFRESZARªªªªªªªªªªªªªªªªª!!!!!!!!!
UNA RONDITA DE MOVER A LOS ENEMIGOS YUHU!!!
antes de ningún movimiento: 0 tiene dirección 3
-1|-1|-1|-1|-1|-1|-1|-1|-1|-1|-1|-1|
-1|-1|-1|0|-1|1|-1|2|-1|3|-1|-1|
-1|-1|-1|-1|-1|-1|-1|-1|-1|-1|-1|-1|
-1|-1|-1|4|5|6|-1|-1|-1|-1|-1|-1|
-1|-1|-1|-1|-1|-1|-1|-1|-1|-1|-1|-1|
-1|-1|-1|7|-1|-1|-1|-1|-1|-1|-1|-1|
-1|-1|-1|-1|-1|-1|-1|-1|8|-1|-1|-1|
-1|-1|-1|-1|-1|-1|-1|-1|-1|-1|-1|-1|

-----------------------------
check_if_foe_can_move
move_foe_left
vamos a hacer un movimiento!!!! dirección: 3
Al terminar el movimiento:
-1|-1|-1|-1|-1|-1|-1|-1|-1|-1|-1|-1|
-1|-1|0|-1|-1|1|-1|2|-1|3|-1|-1|
-1|-1|-1|-1|-1|-1|-1|-1|-1|-1|-1|-1|
-1|-1|-1|4|5|6|-1|-1|-1|-1|-1|-1|
-1|-1|-1|-1|-1|-1|-1|-1|-1|-1|-1|-1|
-1|-1|-1|7|-1|-1|-1|-1|-1|-1|-1|-1|
-1|-1|-1|-1|-1|-1|-1|-1|8|-1|-1|-1|
-1|-1|-1|-1|-1|-1|-1|-1|-1|-1|-1|-1|

-----------------------------
antes de ningún movimiento: 1 tiene dirección 3
-1|-1|-1|-1|-1|-1|-1|-1|-1|-1|-1|-1|
-1|-1|0|-1|-1|1|-1|2|-1|3|-1|-1|
-1|-1|-1|-1|-1|-1|-1|-1|-1|-1|-1|-1|
-1|-1|-1|4|5|6|-1|-1|-1|-1|-1|-1|
-1|-1|-1|-1|-1|-1|-1|-1|-1|-1|-1|-1|
-1|-1|-1|7|-1|-1|-1|-1|-1|-1|-1|-1|
-1|-1|-1|-1|-1|-1|-1|-1|8|-1|-1|-1|
-1|-1|-1|-1|-1|-1|-1|-1|-1|-1|-1|-1|

-----------------------------
check_if_foe_can_move
move_foe_left
vamos a hacer un movimiento!!!! dirección: 3
Al terminar el movimiento:
-1|-1|-1|-1|-1|-1|-1|-1|-1|-1|-1|-1|
-1|-1|0|-1|1|-1|-1|2|-1|3|-1|-1|
-1|-1|-1|-1|-1|-1|-1|-1|-1|-1|-1|-1|
-1|-1|-1|4|5|6|-1|-1|-1|-1|-1|-1|
-1|-1|-1|-1|-1|-1|-1|-1|-1|-1|-1|-1|
-1|-1|-1|7|-1|-1|-1|-1|-1|-1|-1|-1|
-1|-1|-1|-1|-1|-1|-1|-1|8|-1|-1|-1|
-1|-1|-1|-1|-1|-1|-1|-1|-1|-1|-1|-1|

-----------------------------
antes de ningún movimiento: 2 tiene dirección 3
-1|-1|-1|-1|-1|-1|-1|-1|-1|-1|-1|-1|
-1|-1|0|-1|1|-1|-1|2|-1|3|-1|-1|
-1|-1|-1|-1|-1|-1|-1|-1|-1|-1|-1|-1|
-1|-1|-1|4|5|6|-1|-1|-1|-1|-1|-1|
-1|-1|-1|-1|-1|-1|-1|-1|-1|-1|-1|-1|
-1|-1|-1|7|-1|-1|-1|-1|-1|-1|-1|-1|
-1|-1|-1|-1|-1|-1|-1|-1|8|-1|-1|-1|
-1|-1|-1|-1|-1|-1|-1|-1|-1|-1|-1|-1|

-----------------------------
check_if_foe_can_move
move_foe_left
vamos a hacer un movimiento!!!! dirección: 3
Al terminar el movimiento:
-1|-1|-1|-1|-1|-1|-1|-1|-1|-1|-1|-1|
-1|-1|0|-1|1|-1|2|-1|-1|3|-1|-1|
-1|-1|-1|-1|-1|-1|-1|-1|-1|-1|-1|-1|
-1|-1|-1|4|5|6|-1|-1|-1|-1|-1|-1|
-1|-1|-1|-1|-1|-1|-1|-1|-1|-1|-1|-1|
-1|-1|-1|7|-1|-1|-1|-1|-1|-1|-1|-1|
-1|-1|-1|-1|-1|-1|-1|-1|8|-1|-1|-1|
-1|-1|-1|-1|-1|-1|-1|-1|-1|-1|-1|-1|

-----------------------------
antes de ningún movimiento: 3 tiene dirección 3
-1|-1|-1|-1|-1|-1|-1|-1|-1|-1|-1|-1|
-1|-1|0|-1|1|-1|2|-1|-1|3|-1|-1|
-1|-1|-1|-1|-1|-1|-1|-1|-1|-1|-1|-1|
-1|-1|-1|4|5|6|-1|-1|-1|-1|-1|-1|
-1|-1|-1|-1|-1|-1|-1|-1|-1|-1|-1|-1|
-1|-1|-1|7|-1|-1|-1|-1|-1|-1|-1|-1|
-1|-1|-1|-1|-1|-1|-1|-1|8|-1|-1|-1|
-1|-1|-1|-1|-1|-1|-1|-1|-1|-1|-1|-1|

-----------------------------
check_if_foe_can_move
move_foe_left
vamos a hacer un movimiento!!!! dirección: 3
Al terminar el movimiento:
-1|-1|-1|-1|-1|-1|-1|-1|-1|-1|-1|-1|
-1|-1|0|-1|1|-1|2|-1|3|-1|-1|-1|
-1|-1|-1|-1|-1|-1|-1|-1|-1|-1|-1|-1|
-1|-1|-1|4|5|6|-1|-1|-1|-1|-1|-1|
-1|-1|-1|-1|-1|-1|-1|-1|-1|-1|-1|-1|
-1|-1|-1|7|-1|-1|-1|-1|-1|-1|-1|-1|
-1|-1|-1|-1|-1|-1|-1|-1|8|-1|-1|-1|
-1|-1|-1|-1|-1|-1|-1|-1|-1|-1|-1|-1|

-----------------------------
antes de ningún movimiento: 4 tiene dirección 3
-1|-1|-1|-1|-1|-1|-1|-1|-1|-1|-1|-1|
-1|-1|0|-1|1|-1|2|-1|3|-1|-1|-1|
-1|-1|-1|-1|-1|-1|-1|-1|-1|-1|-1|-1|
-1|-1|-1|4|5|6|-1|-1|-1|-1|-1|-1|
-1|-1|-1|-1|-1|-1|-1|-1|-1|-1|-1|-1|
-1|-1|-1|7|-1|-1|-1|-1|-1|-1|-1|-1|
-1|-1|-1|-1|-1|-1|-1|-1|8|-1|-1|-1|
-1|-1|-1|-1|-1|-1|-1|-1|-1|-1|-1|-1|

-----------------------------
check_if_foe_can_move
move_foe_left
move_foe_right
vamos a hacer un movimiento!!!! dirección: 0
Al terminar el movimiento:
-1|-1|-1|-1|-1|-1|-1|-1|-1|-1|-1|-1|
-1|-1|0|-1|1|-1|2|-1|3|-1|-1|-1|
-1|-1|-1|-1|-1|-1|-1|-1|-1|-1|-1|-1|
-1|-1|-1|4|5|6|-1|-1|-1|-1|-1|-1|
-1|-1|-1|-1|-1|-1|-1|-1|-1|-1|-1|-1|
-1|-1|-1|7|-1|-1|-1|-1|-1|-1|-1|-1|
-1|-1|-1|-1|-1|-1|-1|-1|8|-1|-1|-1|
-1|-1|-1|-1|-1|-1|-1|-1|-1|-1|-1|-1|

-----------------------------
antes de ningún movimiento: 5 tiene dirección 4
-1|-1|-1|-1|-1|-1|-1|-1|-1|-1|-1|-1|
-1|-1|0|-1|1|-1|2|-1|3|-1|-1|-1|
-1|-1|-1|-1|-1|-1|-1|-1|-1|-1|-1|-1|
-1|-1|-1|4|5|6|-1|-1|-1|-1|-1|-1|
-1|-1|-1|-1|-1|-1|-1|-1|-1|-1|-1|-1|
-1|-1|-1|7|-1|-1|-1|-1|-1|-1|-1|-1|
-1|-1|-1|-1|-1|-1|-1|-1|8|-1|-1|-1|
-1|-1|-1|-1|-1|-1|-1|-1|-1|-1|-1|-1|

-----------------------------
check_if_foe_can_move
move_foe_right
vamos a hacer un movimiento!!!! dirección: 3
vamos a hacer un movimiento!!!! dirección: 0
Al terminar el movimiento:
-1|-1|-1|-1|-1|-1|-1|-1|-1|-1|-1|-1|
-1|-1|0|-1|1|-1|2|-1|3|-1|-1|-1|
-1|-1|-1|-1|-1|-1|-1|-1|-1|-1|-1|-1|
-1|-1|-1|4|5|6|-1|-1|-1|-1|-1|-1|
-1|-1|-1|-1|-1|-1|-1|-1|-1|-1|-1|-1|
-1|-1|-1|7|-1|-1|-1|-1|-1|-1|-1|-1|
-1|-1|-1|-1|-1|-1|-1|-1|8|-1|-1|-1|
-1|-1|-1|-1|-1|-1|-1|-1|-1|-1|-1|-1|

-----------------------------
antes de ningún movimiento: 6 tiene dirección 4
-1|-1|-1|-1|-1|-1|-1|-1|-1|-1|-1|-1|
-1|-1|0|-1|1|-1|2|-1|3|-1|-1|-1|
-1|-1|-1|-1|-1|-1|-1|-1|-1|-1|-1|-1|
-1|-1|-1|4|5|6|-1|-1|-1|-1|-1|-1|
-1|-1|-1|-1|-1|-1|-1|-1|-1|-1|-1|-1|
-1|-1|-1|7|-1|-1|-1|-1|-1|-1|-1|-1|
-1|-1|-1|-1|-1|-1|-1|-1|8|-1|-1|-1|
-1|-1|-1|-1|-1|-1|-1|-1|-1|-1|-1|-1|

-----------------------------
check_if_foe_can_move
move_foe_right
vamos a hacer un movimiento!!!! dirección: 4
Al terminar el movimiento:
-1|-1|-1|-1|-1|-1|-1|-1|-1|-1|-1|-1|
-1|-1|0|-1|1|-1|2|-1|3|-1|-1|-1|
-1|-1|-1|-1|-1|-1|-1|-1|-1|-1|-1|-1|
-1|-1|-1|4|5|-1|6|-1|-1|-1|-1|-1|
-1|-1|-1|-1|-1|-1|-1|-1|-1|-1|-1|-1|
-1|-1|-1|7|-1|-1|-1|-1|-1|-1|-1|-1|
-1|-1|-1|-1|-1|-1|-1|-1|8|-1|-1|-1|
-1|-1|-1|-1|-1|-1|-1|-1|-1|-1|-1|-1|

-----------------------------
antes de ningún movimiento: 7 tiene dirección 3
-1|-1|-1|-1|-1|-1|-1|-1|-1|-1|-1|-1|
-1|-1|0|-1|1|-1|2|-1|3|-1|-1|-1|
-1|-1|-1|-1|-1|-1|-1|-1|-1|-1|-1|-1|
-1|-1|-1|4|5|-1|6|-1|-1|-1|-1|-1|
-1|-1|-1|-1|-1|-1|-1|-1|-1|-1|-1|-1|
-1|-1|-1|7|-1|-1|-1|-1|-1|-1|-1|-1|
-1|-1|-1|-1|-1|-1|-1|-1|8|-1|-1|-1|
-1|-1|-1|-1|-1|-1|-1|-1|-1|-1|-1|-1|

-----------------------------
check_if_foe_can_move
move_foe_left
move_foe_right
vamos a hacer un movimiento!!!! dirección: 4
Al terminar el movimiento:
-1|-1|-1|-1|-1|-1|-1|-1|-1|-1|-1|-1|
-1|-1|0|-1|1|-1|2|-1|3|-1|-1|-1|
-1|-1|-1|-1|-1|-1|-1|-1|-1|-1|-1|-1|
-1|-1|-1|4|5|-1|6|-1|-1|-1|-1|-1|
-1|-1|-1|-1|-1|-1|-1|-1|-1|-1|-1|-1|
-1|-1|-1|-1|7|-1|-1|-1|-1|-1|-1|-1|
-1|-1|-1|-1|-1|-1|-1|-1|8|-1|-1|-1|
-1|-1|-1|-1|-1|-1|-1|-1|-1|-1|-1|-1|

-----------------------------
antes de ningún movimiento: 8 tiene dirección 3
-1|-1|-1|-1|-1|-1|-1|-1|-1|-1|-1|-1|
-1|-1|0|-1|1|-1|2|-1|3|-1|-1|-1|
-1|-1|-1|-1|-1|-1|-1|-1|-1|-1|-1|-1|
-1|-1|-1|4|5|-1|6|-1|-1|-1|-1|-1|
-1|-1|-1|-1|-1|-1|-1|-1|-1|-1|-1|-1|
-1|-1|-1|-1|7|-1|-1|-1|-1|-1|-1|-1|
-1|-1|-1|-1|-1|-1|-1|-1|8|-1|-1|-1|
-1|-1|-1|-1|-1|-1|-1|-1|-1|-1|-1|-1|

-----------------------------
check_if_foe_can_move
vamos a hacer un movimiento!!!! dirección: -1
i = 0
HORA DE REFRESZARªªªªªªªªªªªªªªªªª!!!!!!!!!
UNA RONDITA DE MOVER A LOS ENEMIGOS YUHU!!!
antes de ningún movimiento: 0 tiene dirección 3
-1|-1|-1|-1|-1|-1|-1|-1|-1|-1|-1|-1|
-1|-1|0|-1|1|-1|2|-1|3|-1|-1|-1|
-1|-1|-1|-1|-1|-1|-1|-1|-1|-1|-1|-1|
-1|-1|-1|4|5|-1|6|-1|-1|-1|-1|-1|
-1|-1|-1|-1|-1|-1|-1|-1|-1|-1|-1|-1|
-1|-1|-1|-1|7|-1|-1|-1|-1|-1|-1|-1|
-1|-1|-1|-1|-1|-1|-1|-1|8|-1|-1|-1|
-1|-1|-1|-1|-1|-1|-1|-1|-1|-1|-1|-1|

-----------------------------
check_if_foe_can_move
move_foe_left
vamos a hacer un movimiento!!!! dirección: 3
Al terminar el movimiento:
-1|-1|-1|-1|-1|-1|-1|-1|-1|-1|-1|-1|
-1|0|-1|-1|1|-1|2|-1|3|-1|-1|-1|
-1|-1|-1|-1|-1|-1|-1|-1|-1|-1|-1|-1|
-1|-1|-1|4|5|-1|6|-1|-1|-1|-1|-1|
-1|-1|-1|-1|-1|-1|-1|-1|-1|-1|-1|-1|
-1|-1|-1|-1|7|-1|-1|-1|-1|-1|-1|-1|
-1|-1|-1|-1|-1|-1|-1|-1|8|-1|-1|-1|
-1|-1|-1|-1|-1|-1|-1|-1|-1|-1|-1|-1|

-----------------------------
antes de ningún movimiento: 1 tiene dirección 3
-1|-1|-1|-1|-1|-1|-1|-1|-1|-1|-1|-1|
-1|0|-1|-1|1|-1|2|-1|3|-1|-1|-1|
-1|-1|-1|-1|-1|-1|-1|-1|-1|-1|-1|-1|
-1|-1|-1|4|5|-1|6|-1|-1|-1|-1|-1|
-1|-1|-1|-1|-1|-1|-1|-1|-1|-1|-1|-1|
-1|-1|-1|-1|7|-1|-1|-1|-1|-1|-1|-1|
-1|-1|-1|-1|-1|-1|-1|-1|8|-1|-1|-1|
-1|-1|-1|-1|-1|-1|-1|-1|-1|-1|-1|-1|

-----------------------------
check_if_foe_can_move
move_foe_left
vamos a hacer un movimiento!!!! dirección: 3
Al terminar el movimiento:
-1|-1|-1|-1|-1|-1|-1|-1|-1|-1|-1|-1|
-1|0|-1|1|-1|-1|2|-1|3|-1|-1|-1|
-1|-1|-1|-1|-1|-1|-1|-1|-1|-1|-1|-1|
-1|-1|-1|4|5|-1|6|-1|-1|-1|-1|-1|
-1|-1|-1|-1|-1|-1|-1|-1|-1|-1|-1|-1|
-1|-1|-1|-1|7|-1|-1|-1|-1|-1|-1|-1|
-1|-1|-1|-1|-1|-1|-1|-1|8|-1|-1|-1|
-1|-1|-1|-1|-1|-1|-1|-1|-1|-1|-1|-1|

-----------------------------
antes de ningún movimiento: 2 tiene dirección 3
-1|-1|-1|-1|-1|-1|-1|-1|-1|-1|-1|-1|
-1|0|-1|1|-1|-1|2|-1|3|-1|-1|-1|
-1|-1|-1|-1|-1|-1|-1|-1|-1|-1|-1|-1|
-1|-1|-1|4|5|-1|6|-1|-1|-1|-1|-1|
-1|-1|-1|-1|-1|-1|-1|-1|-1|-1|-1|-1|
-1|-1|-1|-1|7|-1|-1|-1|-1|-1|-1|-1|
-1|-1|-1|-1|-1|-1|-1|-1|8|-1|-1|-1|
-1|-1|-1|-1|-1|-1|-1|-1|-1|-1|-1|-1|

-----------------------------
check_if_foe_can_move
move_foe_left
vamos a hacer un movimiento!!!! dirección: 3
Al terminar el movimiento:
-1|-1|-1|-1|-1|-1|-1|-1|-1|-1|-1|-1|
-1|0|-1|1|-1|2|-1|-1|3|-1|-1|-1|
-1|-1|-1|-1|-1|-1|-1|-1|-1|-1|-1|-1|
-1|-1|-1|4|5|-1|6|-1|-1|-1|-1|-1|
-1|-1|-1|-1|-1|-1|-1|-1|-1|-1|-1|-1|
-1|-1|-1|-1|7|-1|-1|-1|-1|-1|-1|-1|
-1|-1|-1|-1|-1|-1|-1|-1|8|-1|-1|-1|
-1|-1|-1|-1|-1|-1|-1|-1|-1|-1|-1|-1|

-----------------------------
antes de ningún movimiento: 3 tiene dirección 3
-1|-1|-1|-1|-1|-1|-1|-1|-1|-1|-1|-1|
-1|0|-1|1|-1|2|-1|-1|3|-1|-1|-1|
-1|-1|-1|-1|-1|-1|-1|-1|-1|-1|-1|-1|
-1|-1|-1|4|5|-1|6|-1|-1|-1|-1|-1|
-1|-1|-1|-1|-1|-1|-1|-1|-1|-1|-1|-1|
-1|-1|-1|-1|7|-1|-1|-1|-1|-1|-1|-1|
-1|-1|-1|-1|-1|-1|-1|-1|8|-1|-1|-1|
-1|-1|-1|-1|-1|-1|-1|-1|-1|-1|-1|-1|

-----------------------------
check_if_foe_can_move
move_foe_left
vamos a hacer un movimiento!!!! dirección: 3
Al terminar el movimiento:
-1|-1|-1|-1|-1|-1|-1|-1|-1|-1|-1|-1|
-1|0|-1|1|-1|2|-1|3|-1|-1|-1|-1|
-1|-1|-1|-1|-1|-1|-1|-1|-1|-1|-1|-1|
-1|-1|-1|4|5|-1|6|-1|-1|-1|-1|-1|
-1|-1|-1|-1|-1|-1|-1|-1|-1|-1|-1|-1|
-1|-1|-1|-1|7|-1|-1|-1|-1|-1|-1|-1|
-1|-1|-1|-1|-1|-1|-1|-1|8|-1|-1|-1|
-1|-1|-1|-1|-1|-1|-1|-1|-1|-1|-1|-1|

-----------------------------
antes de ningún movimiento: 4 tiene dirección 0
-1|-1|-1|-1|-1|-1|-1|-1|-1|-1|-1|-1|
-1|0|-1|1|-1|2|-1|3|-1|-1|-1|-1|
-1|-1|-1|-1|-1|-1|-1|-1|-1|-1|-1|-1|
-1|-1|-1|4|5|-1|6|-1|-1|-1|-1|-1|
-1|-1|-1|-1|-1|-1|-1|-1|-1|-1|-1|-1|
-1|-1|-1|-1|7|-1|-1|-1|-1|-1|-1|-1|
-1|-1|-1|-1|-1|-1|-1|-1|8|-1|-1|-1|
-1|-1|-1|-1|-1|-1|-1|-1|-1|-1|-1|-1|

-----------------------------
check_if_foe_can_move
move_foe_left
move_foe_right
Al terminar el movimiento:
-1|-1|-1|-1|-1|-1|-1|-1|-1|-1|-1|-1|
-1|0|-1|1|-1|2|-1|3|-1|-1|-1|-1|
-1|-1|-1|-1|-1|-1|-1|-1|-1|-1|-1|-1|
-1|-1|-1|4|5|-1|6|-1|-1|-1|-1|-1|
-1|-1|-1|-1|-1|-1|-1|-1|-1|-1|-1|-1|
-1|-1|-1|-1|7|-1|-1|-1|-1|-1|-1|-1|
-1|-1|-1|-1|-1|-1|-1|-1|8|-1|-1|-1|
-1|-1|-1|-1|-1|-1|-1|-1|-1|-1|-1|-1|

-----------------------------
antes de ningún movimiento: 5 tiene dirección 0
-1|-1|-1|-1|-1|-1|-1|-1|-1|-1|-1|-1|
-1|0|-1|1|-1|2|-1|3|-1|-1|-1|-1|
-1|-1|-1|-1|-1|-1|-1|-1|-1|-1|-1|-1|
-1|-1|-1|4|5|-1|6|-1|-1|-1|-1|-1|
-1|-1|-1|-1|-1|-1|-1|-1|-1|-1|-1|-1|
-1|-1|-1|-1|7|-1|-1|-1|-1|-1|-1|-1|
-1|-1|-1|-1|-1|-1|-1|-1|8|-1|-1|-1|
-1|-1|-1|-1|-1|-1|-1|-1|-1|-1|-1|-1|

-----------------------------
check_if_foe_can_move
move_foe_left
Al terminar el movimiento:
-1|-1|-1|-1|-1|-1|-1|-1|-1|-1|-1|-1|
-1|0|-1|1|-1|2|-1|3|-1|-1|-1|-1|
-1|-1|-1|-1|-1|-1|-1|-1|-1|-1|-1|-1|
-1|-1|-1|4|5|-1|6|-1|-1|-1|-1|-1|
-1|-1|-1|-1|-1|-1|-1|-1|-1|-1|-1|-1|
-1|-1|-1|-1|7|-1|-1|-1|-1|-1|-1|-1|
-1|-1|-1|-1|-1|-1|-1|-1|8|-1|-1|-1|
-1|-1|-1|-1|-1|-1|-1|-1|-1|-1|-1|-1|

-----------------------------
antes de ningún movimiento: 6 tiene dirección 4
-1|-1|-1|-1|-1|-1|-1|-1|-1|-1|-1|-1|
-1|0|-1|1|-1|2|-1|3|-1|-1|-1|-1|
-1|-1|-1|-1|-1|-1|-1|-1|-1|-1|-1|-1|
-1|-1|-1|4|5|-1|6|-1|-1|-1|-1|-1|
-1|-1|-1|-1|-1|-1|-1|-1|-1|-1|-1|-1|
-1|-1|-1|-1|7|-1|-1|-1|-1|-1|-1|-1|
-1|-1|-1|-1|-1|-1|-1|-1|8|-1|-1|-1|
-1|-1|-1|-1|-1|-1|-1|-1|-1|-1|-1|-1|

-----------------------------
check_if_foe_can_move
move_foe_right
vamos a hacer un movimiento!!!! dirección: 4
Al terminar el movimiento:
-1|-1|-1|-1|-1|-1|-1|-1|-1|-1|-1|-1|
-1|0|-1|1|-1|2|-1|3|-1|-1|-1|-1|
-1|-1|-1|-1|-1|-1|-1|-1|-1|-1|-1|-1|
-1|-1|-1|4|5|-1|-1|6|-1|-1|-1|-1|
-1|-1|-1|-1|-1|-1|-1|-1|-1|-1|-1|-1|
-1|-1|-1|-1|7|-1|-1|-1|-1|-1|-1|-1|
-1|-1|-1|-1|-1|-1|-1|-1|8|-1|-1|-1|
-1|-1|-1|-1|-1|-1|-1|-1|-1|-1|-1|-1|

-----------------------------
antes de ningún movimiento: 7 tiene dirección 4
-1|-1|-1|-1|-1|-1|-1|-1|-1|-1|-1|-1|
-1|0|-1|1|-1|2|-1|3|-1|-1|-1|-1|
-1|-1|-1|-1|-1|-1|-1|-1|-1|-1|-1|-1|
-1|-1|-1|4|5|-1|-1|6|-1|-1|-1|-1|
-1|-1|-1|-1|-1|-1|-1|-1|-1|-1|-1|-1|
-1|-1|-1|-1|7|-1|-1|-1|-1|-1|-1|-1|
-1|-1|-1|-1|-1|-1|-1|-1|8|-1|-1|-1|
-1|-1|-1|-1|-1|-1|-1|-1|-1|-1|-1|-1|

-----------------------------
check_if_foe_can_move
move_foe_right
move_foe_left
vamos a hacer un movimiento!!!! dirección: 3
Al terminar el movimiento:
-1|-1|-1|-1|-1|-1|-1|-1|-1|-1|-1|-1|
-1|0|-1|1|-1|2|-1|3|-1|-1|-1|-1|
-1|-1|-1|-1|-1|-1|-1|-1|-1|-1|-1|-1|
-1|-1|-1|4|5|-1|-1|6|-1|-1|-1|-1|
-1|-1|-1|-1|-1|-1|-1|-1|-1|-1|-1|-1|
-1|-1|-1|7|-1|-1|-1|-1|-1|-1|-1|-1|
-1|-1|-1|-1|-1|-1|-1|-1|8|-1|-1|-1|
-1|-1|-1|-1|-1|-1|-1|-1|-1|-1|-1|-1|

-----------------------------
antes de ningún movimiento: 8 tiene dirección -1
-1|-1|-1|-1|-1|-1|-1|-1|-1|-1|-1|-1|
-1|0|-1|1|-1|2|-1|3|-1|-1|-1|-1|
-1|-1|-1|-1|-1|-1|-1|-1|-1|-1|-1|-1|
-1|-1|-1|4|5|-1|-1|6|-1|-1|-1|-1|
-1|-1|-1|-1|-1|-1|-1|-1|-1|-1|-1|-1|
-1|-1|-1|7|-1|-1|-1|-1|-1|-1|-1|-1|
-1|-1|-1|-1|-1|-1|-1|-1|8|-1|-1|-1|
-1|-1|-1|-1|-1|-1|-1|-1|-1|-1|-1|-1|

-----------------------------
i = 0
HORA DE REFRESZARªªªªªªªªªªªªªªªªª!!!!!!!!!
UNA RONDITA DE MOVER A LOS ENEMIGOS YUHU!!!
antes de ningún movimiento: 0 tiene dirección 3
-1|-1|-1|-1|-1|-1|-1|-1|-1|-1|-1|-1|
-1|0|-1|1|-1|2|-1|3|-1|-1|-1|-1|
-1|-1|-1|-1|-1|-1|-1|-1|-1|-1|-1|-1|
-1|-1|-1|4|5|-1|-1|6|-1|-1|-1|-1|
-1|-1|-1|-1|-1|-1|-1|-1|-1|-1|-1|-1|
-1|-1|-1|7|-1|-1|-1|-1|-1|-1|-1|-1|
-1|-1|-1|-1|-1|-1|-1|-1|8|-1|-1|-1|
-1|-1|-1|-1|-1|-1|-1|-1|-1|-1|-1|-1|

-----------------------------
check_if_foe_can_move
move_foe_left
move_foe_right
vamos a hacer un movimiento!!!! dirección: 4
Al terminar el movimiento:
-1|-1|-1|-1|-1|-1|-1|-1|-1|-1|-1|-1|
-1|-1|0|1|-1|2|-1|3|-1|-1|-1|-1|
-1|-1|-1|-1|-1|-1|-1|-1|-1|-1|-1|-1|
-1|-1|-1|4|5|-1|-1|6|-1|-1|-1|-1|
-1|-1|-1|-1|-1|-1|-1|-1|-1|-1|-1|-1|
-1|-1|-1|7|-1|-1|-1|-1|-1|-1|-1|-1|
-1|-1|-1|-1|-1|-1|-1|-1|8|-1|-1|-1|
-1|-1|-1|-1|-1|-1|-1|-1|-1|-1|-1|-1|

-----------------------------
antes de ningún movimiento: 1 tiene dirección 3
-1|-1|-1|-1|-1|-1|-1|-1|-1|-1|-1|-1|
-1|-1|0|1|-1|2|-1|3|-1|-1|-1|-1|
-1|-1|-1|-1|-1|-1|-1|-1|-1|-1|-1|-1|
-1|-1|-1|4|5|-1|-1|6|-1|-1|-1|-1|
-1|-1|-1|-1|-1|-1|-1|-1|-1|-1|-1|-1|
-1|-1|-1|7|-1|-1|-1|-1|-1|-1|-1|-1|
-1|-1|-1|-1|-1|-1|-1|-1|8|-1|-1|-1|
-1|-1|-1|-1|-1|-1|-1|-1|-1|-1|-1|-1|

-----------------------------
check_if_foe_can_move
move_foe_left
Al terminar el movimiento:
-1|-1|-1|-1|-1|-1|-1|-1|-1|-1|-1|-1|
-1|-1|0|1|-1|2|-1|3|-1|-1|-1|-1|
-1|-1|-1|-1|-1|-1|-1|-1|-1|-1|-1|-1|
-1|-1|-1|4|5|-1|-1|6|-1|-1|-1|-1|
-1|-1|-1|-1|-1|-1|-1|-1|-1|-1|-1|-1|
-1|-1|-1|7|-1|-1|-1|-1|-1|-1|-1|-1|
-1|-1|-1|-1|-1|-1|-1|-1|8|-1|-1|-1|
-1|-1|-1|-1|-1|-1|-1|-1|-1|-1|-1|-1|

-----------------------------
antes de ningún movimiento: 2 tiene dirección 3
-1|-1|-1|-1|-1|-1|-1|-1|-1|-1|-1|-1|
-1|-1|0|1|-1|2|-1|3|-1|-1|-1|-1|
-1|-1|-1|-1|-1|-1|-1|-1|-1|-1|-1|-1|
-1|-1|-1|4|5|-1|-1|6|-1|-1|-1|-1|
-1|-1|-1|-1|-1|-1|-1|-1|-1|-1|-1|-1|
-1|-1|-1|7|-1|-1|-1|-1|-1|-1|-1|-1|
-1|-1|-1|-1|-1|-1|-1|-1|8|-1|-1|-1|
-1|-1|-1|-1|-1|-1|-1|-1|-1|-1|-1|-1|

-----------------------------
check_if_foe_can_move
move_foe_left
vamos a hacer un movimiento!!!! dirección: 3
Al terminar el movimiento:
-1|-1|-1|-1|-1|-1|-1|-1|-1|-1|-1|-1|
-1|-1|0|1|2|-1|-1|3|-1|-1|-1|-1|
-1|-1|-1|-1|-1|-1|-1|-1|-1|-1|-1|-1|
-1|-1|-1|4|5|-1|-1|6|-1|-1|-1|-1|
-1|-1|-1|-1|-1|-1|-1|-1|-1|-1|-1|-1|
-1|-1|-1|7|-1|-1|-1|-1|-1|-1|-1|-1|
-1|-1|-1|-1|-1|-1|-1|-1|8|-1|-1|-1|
-1|-1|-1|-1|-1|-1|-1|-1|-1|-1|-1|-1|

-----------------------------
antes de ningún movimiento: 3 tiene dirección 3
-1|-1|-1|-1|-1|-1|-1|-1|-1|-1|-1|-1|
-1|-1|0|1|2|-1|-1|3|-1|-1|-1|-1|
-1|-1|-1|-1|-1|-1|-1|-1|-1|-1|-1|-1|
-1|-1|-1|4|5|-1|-1|6|-1|-1|-1|-1|
-1|-1|-1|-1|-1|-1|-1|-1|-1|-1|-1|-1|
-1|-1|-1|7|-1|-1|-1|-1|-1|-1|-1|-1|
-1|-1|-1|-1|-1|-1|-1|-1|8|-1|-1|-1|
-1|-1|-1|-1|-1|-1|-1|-1|-1|-1|-1|-1|

-----------------------------
check_if_foe_can_move
move_foe_left
vamos a hacer un movimiento!!!! dirección: 3
Al terminar el movimiento:
-1|-1|-1|-1|-1|-1|-1|-1|-1|-1|-1|-1|
-1|-1|0|1|2|-1|3|-1|-1|-1|-1|-1|
-1|-1|-1|-1|-1|-1|-1|-1|-1|-1|-1|-1|
-1|-1|-1|4|5|-1|-1|6|-1|-1|-1|-1|
-1|-1|-1|-1|-1|-1|-1|-1|-1|-1|-1|-1|
-1|-1|-1|7|-1|-1|-1|-1|-1|-1|-1|-1|
-1|-1|-1|-1|-1|-1|-1|-1|8|-1|-1|-1|
-1|-1|-1|-1|-1|-1|-1|-1|-1|-1|-1|-1|

-----------------------------
antes de ningún movimiento: 4 tiene dirección 4
-1|-1|-1|-1|-1|-1|-1|-1|-1|-1|-1|-1|
-1|-1|0|1|2|-1|3|-1|-1|-1|-1|-1|
-1|-1|-1|-1|-1|-1|-1|-1|-1|-1|-1|-1|
-1|-1|-1|4|5|-1|-1|6|-1|-1|-1|-1|
-1|-1|-1|-1|-1|-1|-1|-1|-1|-1|-1|-1|
-1|-1|-1|7|-1|-1|-1|-1|-1|-1|-1|-1|
-1|-1|-1|-1|-1|-1|-1|-1|8|-1|-1|-1|
-1|-1|-1|-1|-1|-1|-1|-1|-1|-1|-1|-1|

-----------------------------
check_if_foe_can_move
move_foe_right
Al terminar el movimiento:
-1|-1|-1|-1|-1|-1|-1|-1|-1|-1|-1|-1|
-1|-1|0|1|2|-1|3|-1|-1|-1|-1|-1|
-1|-1|-1|-1|-1|-1|-1|-1|-1|-1|-1|-1|
-1|-1|-1|4|5|-1|-1|6|-1|-1|-1|-1|
-1|-1|-1|-1|-1|-1|-1|-1|-1|-1|-1|-1|
-1|-1|-1|7|-1|-1|-1|-1|-1|-1|-1|-1|
-1|-1|-1|-1|-1|-1|-1|-1|8|-1|-1|-1|
-1|-1|-1|-1|-1|-1|-1|-1|-1|-1|-1|-1|

-----------------------------
antes de ningún movimiento: 5 tiene dirección 0
-1|-1|-1|-1|-1|-1|-1|-1|-1|-1|-1|-1|
-1|-1|0|1|2|-1|3|-1|-1|-1|-1|-1|
-1|-1|-1|-1|-1|-1|-1|-1|-1|-1|-1|-1|
-1|-1|-1|4|5|-1|-1|6|-1|-1|-1|-1|
-1|-1|-1|-1|-1|-1|-1|-1|-1|-1|-1|-1|
-1|-1|-1|7|-1|-1|-1|-1|-1|-1|-1|-1|
-1|-1|-1|-1|-1|-1|-1|-1|8|-1|-1|-1|
-1|-1|-1|-1|-1|-1|-1|-1|-1|-1|-1|-1|

-----------------------------
check_if_foe_can_move
move_foe_left
Al terminar el movimiento:
-1|-1|-1|-1|-1|-1|-1|-1|-1|-1|-1|-1|
-1|-1|0|1|2|-1|3|-1|-1|-1|-1|-1|
-1|-1|-1|-1|-1|-1|-1|-1|-1|-1|-1|-1|
-1|-1|-1|4|5|-1|-1|6|-1|-1|-1|-1|
-1|-1|-1|-1|-1|-1|-1|-1|-1|-1|-1|-1|
-1|-1|-1|7|-1|-1|-1|-1|-1|-1|-1|-1|
-1|-1|-1|-1|-1|-1|-1|-1|8|-1|-1|-1|
-1|-1|-1|-1|-1|-1|-1|-1|-1|-1|-1|-1|

-----------------------------
antes de ningún movimiento: 6 tiene dirección 4
-1|-1|-1|-1|-1|-1|-1|-1|-1|-1|-1|-1|
-1|-1|0|1|2|-1|3|-1|-1|-1|-1|-1|
-1|-1|-1|-1|-1|-1|-1|-1|-1|-1|-1|-1|
-1|-1|-1|4|5|-1|-1|6|-1|-1|-1|-1|
-1|-1|-1|-1|-1|-1|-1|-1|-1|-1|-1|-1|
-1|-1|-1|7|-1|-1|-1|-1|-1|-1|-1|-1|
-1|-1|-1|-1|-1|-1|-1|-1|8|-1|-1|-1|
-1|-1|-1|-1|-1|-1|-1|-1|-1|-1|-1|-1|

-----------------------------
check_if_foe_can_move
move_foe_right
vamos a hacer un movimiento!!!! dirección: 4
Al terminar el movimiento:
-1|-1|-1|-1|-1|-1|-1|-1|-1|-1|-1|-1|
-1|-1|0|1|2|-1|3|-1|-1|-1|-1|-1|
-1|-1|-1|-1|-1|-1|-1|-1|-1|-1|-1|-1|
-1|-1|-1|4|5|-1|-1|-1|6|-1|-1|-1|
-1|-1|-1|-1|-1|-1|-1|-1|-1|-1|-1|-1|
-1|-1|-1|7|-1|-1|-1|-1|-1|-1|-1|-1|
-1|-1|-1|-1|-1|-1|-1|-1|8|-1|-1|-1|
-1|-1|-1|-1|-1|-1|-1|-1|-1|-1|-1|-1|

-----------------------------
antes de ningún movimiento: 7 tiene dirección 3
-1|-1|-1|-1|-1|-1|-1|-1|-1|-1|-1|-1|
-1|-1|0|1|2|-1|3|-1|-1|-1|-1|-1|
-1|-1|-1|-1|-1|-1|-1|-1|-1|-1|-1|-1|
-1|-1|-1|4|5|-1|-1|-1|6|-1|-1|-1|
-1|-1|-1|-1|-1|-1|-1|-1|-1|-1|-1|-1|
-1|-1|-1|7|-1|-1|-1|-1|-1|-1|-1|-1|
-1|-1|-1|-1|-1|-1|-1|-1|8|-1|-1|-1|
-1|-1|-1|-1|-1|-1|-1|-1|-1|-1|-1|-1|

-----------------------------
check_if_foe_can_move
move_foe_left
move_foe_right
vamos a hacer un movimiento!!!! dirección: 4
Al terminar el movimiento:
-1|-1|-1|-1|-1|-1|-1|-1|-1|-1|-1|-1|
-1|-1|0|1|2|-1|3|-1|-1|-1|-1|-1|
-1|-1|-1|-1|-1|-1|-1|-1|-1|-1|-1|-1|
-1|-1|-1|4|5|-1|-1|-1|6|-1|-1|-1|
-1|-1|-1|-1|-1|-1|-1|-1|-1|-1|-1|-1|
-1|-1|-1|-1|7|-1|-1|-1|-1|-1|-1|-1|
-1|-1|-1|-1|-1|-1|-1|-1|8|-1|-1|-1|
-1|-1|-1|-1|-1|-1|-1|-1|-1|-1|-1|-1|

-----------------------------
antes de ningún movimiento: 8 tiene dirección -1
-1|-1|-1|-1|-1|-1|-1|-1|-1|-1|-1|-1|
-1|-1|0|1|2|-1|3|-1|-1|-1|-1|-1|
-1|-1|-1|-1|-1|-1|-1|-1|-1|-1|-1|-1|
-1|-1|-1|4|5|-1|-1|-1|6|-1|-1|-1|
-1|-1|-1|-1|-1|-1|-1|-1|-1|-1|-1|-1|
-1|-1|-1|-1|7|-1|-1|-1|-1|-1|-1|-1|
-1|-1|-1|-1|-1|-1|-1|-1|8|-1|-1|-1|
-1|-1|-1|-1|-1|-1|-1|-1|-1|-1|-1|-1|

-----------------------------
i = 0
HORA DE REFRESZARªªªªªªªªªªªªªªªªª!!!!!!!!!
UNA RONDITA DE MOVER A LOS ENEMIGOS YUHU!!!
antes de ningún movimiento: 0 tiene dirección 3
-1|-1|-1|-1|-1|-1|-1|-1|-1|-1|-1|-1|
-1|-1|0|1|2|-1|3|-1|-1|-1|-1|-1|
-1|-1|-1|-1|-1|-1|-1|-1|-1|-1|-1|-1|
-1|-1|-1|4|5|-1|-1|-1|6|-1|-1|-1|
-1|-1|-1|-1|-1|-1|-1|-1|-1|-1|-1|-1|
-1|-1|-1|-1|7|-1|-1|-1|-1|-1|-1|-1|
-1|-1|-1|-1|-1|-1|-1|-1|8|-1|-1|-1|
-1|-1|-1|-1|-1|-1|-1|-1|-1|-1|-1|-1|

-----------------------------
check_if_foe_can_move
move_foe_left
vamos a hacer un movimiento!!!! dirección: 3
Al terminar el movimiento:
-1|-1|-1|-1|-1|-1|-1|-1|-1|-1|-1|-1|
-1|0|-1|1|2|-1|3|-1|-1|-1|-1|-1|
-1|-1|-1|-1|-1|-1|-1|-1|-1|-1|-1|-1|
-1|-1|-1|4|5|-1|-1|-1|6|-1|-1|-1|
-1|-1|-1|-1|-1|-1|-1|-1|-1|-1|-1|-1|
-1|-1|-1|-1|7|-1|-1|-1|-1|-1|-1|-1|
-1|-1|-1|-1|-1|-1|-1|-1|8|-1|-1|-1|
-1|-1|-1|-1|-1|-1|-1|-1|-1|-1|-1|-1|

-----------------------------
antes de ningún movimiento: 1 tiene dirección 4
-1|-1|-1|-1|-1|-1|-1|-1|-1|-1|-1|-1|
-1|0|-1|1|2|-1|3|-1|-1|-1|-1|-1|
-1|-1|-1|-1|-1|-1|-1|-1|-1|-1|-1|-1|
-1|-1|-1|4|5|-1|-1|-1|6|-1|-1|-1|
-1|-1|-1|-1|-1|-1|-1|-1|-1|-1|-1|-1|
-1|-1|-1|-1|7|-1|-1|-1|-1|-1|-1|-1|
-1|-1|-1|-1|-1|-1|-1|-1|8|-1|-1|-1|
-1|-1|-1|-1|-1|-1|-1|-1|-1|-1|-1|-1|

-----------------------------
check_if_foe_can_move
move_foe_right
vamos a hacer un movimiento!!!! dirección: 3
Al terminar el movimiento:
-1|-1|-1|-1|-1|-1|-1|-1|-1|-1|-1|-1|
-1|0|1|-1|2|-1|3|-1|-1|-1|-1|-1|
-1|-1|-1|-1|-1|-1|-1|-1|-1|-1|-1|-1|
-1|-1|-1|4|5|-1|-1|-1|6|-1|-1|-1|
-1|-1|-1|-1|-1|-1|-1|-1|-1|-1|-1|-1|
-1|-1|-1|-1|7|-1|-1|-1|-1|-1|-1|-1|
-1|-1|-1|-1|-1|-1|-1|-1|8|-1|-1|-1|
-1|-1|-1|-1|-1|-1|-1|-1|-1|-1|-1|-1|

-----------------------------
antes de ningún movimiento: 2 tiene dirección 4
-1|-1|-1|-1|-1|-1|-1|-1|-1|-1|-1|-1|
-1|0|1|-1|2|-1|3|-1|-1|-1|-1|-1|
-1|-1|-1|-1|-1|-1|-1|-1|-1|-1|-1|-1|
-1|-1|-1|4|5|-1|-1|-1|6|-1|-1|-1|
-1|-1|-1|-1|-1|-1|-1|-1|-1|-1|-1|-1|
-1|-1|-1|-1|7|-1|-1|-1|-1|-1|-1|-1|
-1|-1|-1|-1|-1|-1|-1|-1|8|-1|-1|-1|
-1|-1|-1|-1|-1|-1|-1|-1|-1|-1|-1|-1|

-----------------------------
check_if_foe_can_move
move_foe_right
vamos a hacer un movimiento!!!! dirección: 4
Al terminar el movimiento:
-1|-1|-1|-1|-1|-1|-1|-1|-1|-1|-1|-1|
-1|0|1|-1|-1|2|3|-1|-1|-1|-1|-1|
-1|-1|-1|-1|-1|-1|-1|-1|-1|-1|-1|-1|
-1|-1|-1|4|5|-1|-1|-1|6|-1|-1|-1|
-1|-1|-1|-1|-1|-1|-1|-1|-1|-1|-1|-1|
-1|-1|-1|-1|7|-1|-1|-1|-1|-1|-1|-1|
-1|-1|-1|-1|-1|-1|-1|-1|8|-1|-1|-1|
-1|-1|-1|-1|-1|-1|-1|-1|-1|-1|-1|-1|

-----------------------------
antes de ningún movimiento: 3 tiene dirección 3
-1|-1|-1|-1|-1|-1|-1|-1|-1|-1|-1|-1|
-1|0|1|-1|-1|2|3|-1|-1|-1|-1|-1|
-1|-1|-1|-1|-1|-1|-1|-1|-1|-1|-1|-1|
-1|-1|-1|4|5|-1|-1|-1|6|-1|-1|-1|
-1|-1|-1|-1|-1|-1|-1|-1|-1|-1|-1|-1|
-1|-1|-1|-1|7|-1|-1|-1|-1|-1|-1|-1|
-1|-1|-1|-1|-1|-1|-1|-1|8|-1|-1|-1|
-1|-1|-1|-1|-1|-1|-1|-1|-1|-1|-1|-1|

-----------------------------
check_if_foe_can_move
move_foe_left
Al terminar el movimiento:
-1|-1|-1|-1|-1|-1|-1|-1|-1|-1|-1|-1|
-1|0|1|-1|-1|2|3|-1|-1|-1|-1|-1|
-1|-1|-1|-1|-1|-1|-1|-1|-1|-1|-1|-1|
-1|-1|-1|4|5|-1|-1|-1|6|-1|-1|-1|
-1|-1|-1|-1|-1|-1|-1|-1|-1|-1|-1|-1|
-1|-1|-1|-1|7|-1|-1|-1|-1|-1|-1|-1|
-1|-1|-1|-1|-1|-1|-1|-1|8|-1|-1|-1|
-1|-1|-1|-1|-1|-1|-1|-1|-1|-1|-1|-1|

-----------------------------
antes de ningún movimiento: 4 tiene dirección 3
-1|-1|-1|-1|-1|-1|-1|-1|-1|-1|-1|-1|
-1|0|1|-1|-1|2|3|-1|-1|-1|-1|-1|
-1|-1|-1|-1|-1|-1|-1|-1|-1|-1|-1|-1|
-1|-1|-1|4|5|-1|-1|-1|6|-1|-1|-1|
-1|-1|-1|-1|-1|-1|-1|-1|-1|-1|-1|-1|
-1|-1|-1|-1|7|-1|-1|-1|-1|-1|-1|-1|
-1|-1|-1|-1|-1|-1|-1|-1|8|-1|-1|-1|
-1|-1|-1|-1|-1|-1|-1|-1|-1|-1|-1|-1|

-----------------------------
check_if_foe_can_move
move_foe_left
move_foe_right
move_many_foes_right
n = 4, dir = 3
tenemos que mover 0 foes
Al terminar el movimiento:
-1|-1|-1|-1|-1|-1|-1|-1|-1|-1|-1|-1|
-1|0|1|-1|-1|2|3|-1|-1|-1|-1|-1|
-1|-1|-1|-1|-1|-1|-1|-1|-1|-1|-1|-1|
-1|-1|-1|4|5|-1|-1|-1|6|-1|-1|-1|
-1|-1|-1|-1|-1|-1|-1|-1|-1|-1|-1|-1|
-1|-1|-1|-1|7|-1|-1|-1|-1|-1|-1|-1|
-1|-1|-1|-1|-1|-1|-1|-1|8|-1|-1|-1|
-1|-1|-1|-1|-1|-1|-1|-1|-1|-1|-1|-1|

-----------------------------
antes de ningún movimiento: 5 tiene dirección 4
-1|-1|-1|-1|-1|-1|-1|-1|-1|-1|-1|-1|
-1|0|1|-1|-1|2|3|-1|-1|-1|-1|-1|
-1|-1|-1|-1|-1|-1|-1|-1|-1|-1|-1|-1|
-1|-1|-1|4|5|-1|-1|-1|6|-1|-1|-1|
-1|-1|-1|-1|-1|-1|-1|-1|-1|-1|-1|-1|
-1|-1|-1|-1|7|-1|-1|-1|-1|-1|-1|-1|
-1|-1|-1|-1|-1|-1|-1|-1|8|-1|-1|-1|
-1|-1|-1|-1|-1|-1|-1|-1|-1|-1|-1|-1|

-----------------------------
check_if_foe_can_move
move_foe_right
vamos a hacer un movimiento!!!! dirección: 4
Al terminar el movimiento:
-1|-1|-1|-1|-1|-1|-1|-1|-1|-1|-1|-1|
-1|0|1|-1|-1|2|3|-1|-1|-1|-1|-1|
-1|-1|-1|-1|-1|-1|-1|-1|-1|-1|-1|-1|
-1|-1|-1|4|-1|5|-1|-1|6|-1|-1|-1|
-1|-1|-1|-1|-1|-1|-1|-1|-1|-1|-1|-1|
-1|-1|-1|-1|7|-1|-1|-1|-1|-1|-1|-1|
-1|-1|-1|-1|-1|-1|-1|-1|8|-1|-1|-1|
-1|-1|-1|-1|-1|-1|-1|-1|-1|-1|-1|-1|

-----------------------------
antes de ningún movimiento: 6 tiene dirección 4
-1|-1|-1|-1|-1|-1|-1|-1|-1|-1|-1|-1|
-1|0|1|-1|-1|2|3|-1|-1|-1|-1|-1|
-1|-1|-1|-1|-1|-1|-1|-1|-1|-1|-1|-1|
-1|-1|-1|4|-1|5|-1|-1|6|-1|-1|-1|
-1|-1|-1|-1|-1|-1|-1|-1|-1|-1|-1|-1|
-1|-1|-1|-1|7|-1|-1|-1|-1|-1|-1|-1|
-1|-1|-1|-1|-1|-1|-1|-1|8|-1|-1|-1|
-1|-1|-1|-1|-1|-1|-1|-1|-1|-1|-1|-1|

-----------------------------
check_if_foe_can_move
move_foe_right
move_foe_left
vamos a hacer un movimiento!!!! dirección: 3
Al terminar el movimiento:
-1|-1|-1|-1|-1|-1|-1|-1|-1|-1|-1|-1|
-1|0|1|-1|-1|2|3|-1|-1|-1|-1|-1|
-1|-1|-1|-1|-1|-1|-1|-1|-1|-1|-1|-1|
-1|-1|-1|4|-1|5|-1|6|-1|-1|-1|-1|
-1|-1|-1|-1|-1|-1|-1|-1|-1|-1|-1|-1|
-1|-1|-1|-1|7|-1|-1|-1|-1|-1|-1|-1|
-1|-1|-1|-1|-1|-1|-1|-1|8|-1|-1|-1|
-1|-1|-1|-1|-1|-1|-1|-1|-1|-1|-1|-1|

-----------------------------
antes de ningún movimiento: 7 tiene dirección 4
-1|-1|-1|-1|-1|-1|-1|-1|-1|-1|-1|-1|
-1|0|1|-1|-1|2|3|-1|-1|-1|-1|-1|
-1|-1|-1|-1|-1|-1|-1|-1|-1|-1|-1|-1|
-1|-1|-1|4|-1|5|-1|6|-1|-1|-1|-1|
-1|-1|-1|-1|-1|-1|-1|-1|-1|-1|-1|-1|
-1|-1|-1|-1|7|-1|-1|-1|-1|-1|-1|-1|
-1|-1|-1|-1|-1|-1|-1|-1|8|-1|-1|-1|
-1|-1|-1|-1|-1|-1|-1|-1|-1|-1|-1|-1|

-----------------------------
check_if_foe_can_move
move_foe_right
move_foe_left
vamos a hacer un movimiento!!!! dirección: 3
Al terminar el movimiento:
-1|-1|-1|-1|-1|-1|-1|-1|-1|-1|-1|-1|
-1|0|1|-1|-1|2|3|-1|-1|-1|-1|-1|
-1|-1|-1|-1|-1|-1|-1|-1|-1|-1|-1|-1|
-1|-1|-1|4|-1|5|-1|6|-1|-1|-1|-1|
-1|-1|-1|-1|-1|-1|-1|-1|-1|-1|-1|-1|
-1|-1|-1|7|-1|-1|-1|-1|-1|-1|-1|-1|
-1|-1|-1|-1|-1|-1|-1|-1|8|-1|-1|-1|
-1|-1|-1|-1|-1|-1|-1|-1|-1|-1|-1|-1|

-----------------------------
antes de ningún movimiento: 8 tiene dirección -1
-1|-1|-1|-1|-1|-1|-1|-1|-1|-1|-1|-1|
-1|0|1|-1|-1|2|3|-1|-1|-1|-1|-1|
-1|-1|-1|-1|-1|-1|-1|-1|-1|-1|-1|-1|
-1|-1|-1|4|-1|5|-1|6|-1|-1|-1|-1|
-1|-1|-1|-1|-1|-1|-1|-1|-1|-1|-1|-1|
-1|-1|-1|7|-1|-1|-1|-1|-1|-1|-1|-1|
-1|-1|-1|-1|-1|-1|-1|-1|8|-1|-1|-1|
-1|-1|-1|-1|-1|-1|-1|-1|-1|-1|-1|-1|

-----------------------------
i = 0
HORA DE REFRESZARªªªªªªªªªªªªªªªªª!!!!!!!!!
UNA RONDITA DE MOVER A LOS ENEMIGOS YUHU!!!
antes de ningún movimiento: 0 tiene dirección 3
-1|-1|-1|-1|-1|-1|-1|-1|-1|-1|-1|-1|
-1|0|1|-1|-1|2|3|-1|-1|-1|-1|-1|
-1|-1|-1|-1|-1|-1|-1|-1|-1|-1|-1|-1|
-1|-1|-1|4|-1|5|-1|6|-1|-1|-1|-1|
-1|-1|-1|-1|-1|-1|-1|-1|-1|-1|-1|-1|
-1|-1|-1|7|-1|-1|-1|-1|-1|-1|-1|-1|
-1|-1|-1|-1|-1|-1|-1|-1|8|-1|-1|-1|
-1|-1|-1|-1|-1|-1|-1|-1|-1|-1|-1|-1|

-----------------------------
check_if_foe_can_move
move_foe_left
move_foe_right
vamos a hacer un movimiento!!!! dirección: 0
Al terminar el movimiento:
-1|-1|-1|-1|-1|-1|-1|-1|-1|-1|-1|-1|
-1|0|1|-1|-1|2|3|-1|-1|-1|-1|-1|
-1|-1|-1|-1|-1|-1|-1|-1|-1|-1|-1|-1|
-1|-1|-1|4|-1|5|-1|6|-1|-1|-1|-1|
-1|-1|-1|-1|-1|-1|-1|-1|-1|-1|-1|-1|
-1|-1|-1|7|-1|-1|-1|-1|-1|-1|-1|-1|
-1|-1|-1|-1|-1|-1|-1|-1|8|-1|-1|-1|
-1|-1|-1|-1|-1|-1|-1|-1|-1|-1|-1|-1|

-----------------------------
antes de ningún movimiento: 1 tiene dirección 4
-1|-1|-1|-1|-1|-1|-1|-1|-1|-1|-1|-1|
-1|0|1|-1|-1|2|3|-1|-1|-1|-1|-1|
-1|-1|-1|-1|-1|-1|-1|-1|-1|-1|-1|-1|
-1|-1|-1|4|-1|5|-1|6|-1|-1|-1|-1|
-1|-1|-1|-1|-1|-1|-1|-1|-1|-1|-1|-1|
-1|-1|-1|7|-1|-1|-1|-1|-1|-1|-1|-1|
-1|-1|-1|-1|-1|-1|-1|-1|8|-1|-1|-1|
-1|-1|-1|-1|-1|-1|-1|-1|-1|-1|-1|-1|

-----------------------------
check_if_foe_can_move
move_foe_right
vamos a hacer un movimiento!!!! dirección: 4
Al terminar el movimiento:
-1|-1|-1|-1|-1|-1|-1|-1|-1|-1|-1|-1|
-1|0|-1|1|-1|2|3|-1|-1|-1|-1|-1|
-1|-1|-1|-1|-1|-1|-1|-1|-1|-1|-1|-1|
-1|-1|-1|4|-1|5|-1|6|-1|-1|-1|-1|
-1|-1|-1|-1|-1|-1|-1|-1|-1|-1|-1|-1|
-1|-1|-1|7|-1|-1|-1|-1|-1|-1|-1|-1|
-1|-1|-1|-1|-1|-1|-1|-1|8|-1|-1|-1|
-1|-1|-1|-1|-1|-1|-1|-1|-1|-1|-1|-1|

-----------------------------
antes de ningún movimiento: 2 tiene dirección 3
-1|-1|-1|-1|-1|-1|-1|-1|-1|-1|-1|-1|
-1|0|-1|1|-1|2|3|-1|-1|-1|-1|-1|
-1|-1|-1|-1|-1|-1|-1|-1|-1|-1|-1|-1|
-1|-1|-1|4|-1|5|-1|6|-1|-1|-1|-1|
-1|-1|-1|-1|-1|-1|-1|-1|-1|-1|-1|-1|
-1|-1|-1|7|-1|-1|-1|-1|-1|-1|-1|-1|
-1|-1|-1|-1|-1|-1|-1|-1|8|-1|-1|-1|
-1|-1|-1|-1|-1|-1|-1|-1|-1|-1|-1|-1|

-----------------------------
check_if_foe_can_move
move_foe_left
vamos a hacer un movimiento!!!! dirección: 3
Al terminar el movimiento:
-1|-1|-1|-1|-1|-1|-1|-1|-1|-1|-1|-1|
-1|0|-1|1|2|-1|3|-1|-1|-1|-1|-1|
-1|-1|-1|-1|-1|-1|-1|-1|-1|-1|-1|-1|
-1|-1|-1|4|-1|5|-1|6|-1|-1|-1|-1|
-1|-1|-1|-1|-1|-1|-1|-1|-1|-1|-1|-1|
-1|-1|-1|7|-1|-1|-1|-1|-1|-1|-1|-1|
-1|-1|-1|-1|-1|-1|-1|-1|8|-1|-1|-1|
-1|-1|-1|-1|-1|-1|-1|-1|-1|-1|-1|-1|

-----------------------------
antes de ningún movimiento: 3 tiene dirección 4
-1|-1|-1|-1|-1|-1|-1|-1|-1|-1|-1|-1|
-1|0|-1|1|2|-1|3|-1|-1|-1|-1|-1|
-1|-1|-1|-1|-1|-1|-1|-1|-1|-1|-1|-1|
-1|-1|-1|4|-1|5|-1|6|-1|-1|-1|-1|
-1|-1|-1|-1|-1|-1|-1|-1|-1|-1|-1|-1|
-1|-1|-1|7|-1|-1|-1|-1|-1|-1|-1|-1|
-1|-1|-1|-1|-1|-1|-1|-1|8|-1|-1|-1|
-1|-1|-1|-1|-1|-1|-1|-1|-1|-1|-1|-1|

-----------------------------
check_if_foe_can_move
move_foe_right
vamos a hacer un movimiento!!!! dirección: 4
Al terminar el movimiento:
-1|-1|-1|-1|-1|-1|-1|-1|-1|-1|-1|-1|
-1|0|-1|1|2|-1|-1|3|-1|-1|-1|-1|
-1|-1|-1|-1|-1|-1|-1|-1|-1|-1|-1|-1|
-1|-1|-1|4|-1|5|-1|6|-1|-1|-1|-1|
-1|-1|-1|-1|-1|-1|-1|-1|-1|-1|-1|-1|
-1|-1|-1|7|-1|-1|-1|-1|-1|-1|-1|-1|
-1|-1|-1|-1|-1|-1|-1|-1|8|-1|-1|-1|
-1|-1|-1|-1|-1|-1|-1|-1|-1|-1|-1|-1|

-----------------------------
antes de ningún movimiento: 4 tiene dirección 3
-1|-1|-1|-1|-1|-1|-1|-1|-1|-1|-1|-1|
-1|0|-1|1|2|-1|-1|3|-1|-1|-1|-1|
-1|-1|-1|-1|-1|-1|-1|-1|-1|-1|-1|-1|
-1|-1|-1|4|-1|5|-1|6|-1|-1|-1|-1|
-1|-1|-1|-1|-1|-1|-1|-1|-1|-1|-1|-1|
-1|-1|-1|7|-1|-1|-1|-1|-1|-1|-1|-1|
-1|-1|-1|-1|-1|-1|-1|-1|8|-1|-1|-1|
-1|-1|-1|-1|-1|-1|-1|-1|-1|-1|-1|-1|

-----------------------------
check_if_foe_can_move
move_foe_left
move_foe_right
vamos a hacer un movimiento!!!! dirección: 4
Al terminar el movimiento:
-1|-1|-1|-1|-1|-1|-1|-1|-1|-1|-1|-1|
-1|0|-1|1|2|-1|-1|3|-1|-1|-1|-1|
-1|-1|-1|-1|-1|-1|-1|-1|-1|-1|-1|-1|
-1|-1|-1|-1|4|5|-1|6|-1|-1|-1|-1|
-1|-1|-1|-1|-1|-1|-1|-1|-1|-1|-1|-1|
-1|-1|-1|7|-1|-1|-1|-1|-1|-1|-1|-1|
-1|-1|-1|-1|-1|-1|-1|-1|8|-1|-1|-1|
-1|-1|-1|-1|-1|-1|-1|-1|-1|-1|-1|-1|

-----------------------------
antes de ningún movimiento: 5 tiene dirección 4
-1|-1|-1|-1|-1|-1|-1|-1|-1|-1|-1|-1|
-1|0|-1|1|2|-1|-1|3|-1|-1|-1|-1|
-1|-1|-1|-1|-1|-1|-1|-1|-1|-1|-1|-1|
-1|-1|-1|-1|4|5|-1|6|-1|-1|-1|-1|
-1|-1|-1|-1|-1|-1|-1|-1|-1|-1|-1|-1|
-1|-1|-1|7|-1|-1|-1|-1|-1|-1|-1|-1|
-1|-1|-1|-1|-1|-1|-1|-1|8|-1|-1|-1|
-1|-1|-1|-1|-1|-1|-1|-1|-1|-1|-1|-1|

-----------------------------
check_if_foe_can_move
move_foe_right
vamos a hacer un movimiento!!!! dirección: 4
Al terminar el movimiento:
-1|-1|-1|-1|-1|-1|-1|-1|-1|-1|-1|-1|
-1|0|-1|1|2|-1|-1|3|-1|-1|-1|-1|
-1|-1|-1|-1|-1|-1|-1|-1|-1|-1|-1|-1|
-1|-1|-1|-1|4|-1|5|6|-1|-1|-1|-1|
-1|-1|-1|-1|-1|-1|-1|-1|-1|-1|-1|-1|
-1|-1|-1|7|-1|-1|-1|-1|-1|-1|-1|-1|
-1|-1|-1|-1|-1|-1|-1|-1|8|-1|-1|-1|
-1|-1|-1|-1|-1|-1|-1|-1|-1|-1|-1|-1|

-----------------------------
antes de ningún movimiento: 6 tiene dirección 3
-1|-1|-1|-1|-1|-1|-1|-1|-1|-1|-1|-1|
-1|0|-1|1|2|-1|-1|3|-1|-1|-1|-1|
-1|-1|-1|-1|-1|-1|-1|-1|-1|-1|-1|-1|
-1|-1|-1|-1|4|-1|5|6|-1|-1|-1|-1|
-1|-1|-1|-1|-1|-1|-1|-1|-1|-1|-1|-1|
-1|-1|-1|7|-1|-1|-1|-1|-1|-1|-1|-1|
-1|-1|-1|-1|-1|-1|-1|-1|8|-1|-1|-1|
-1|-1|-1|-1|-1|-1|-1|-1|-1|-1|-1|-1|

-----------------------------
check_if_foe_can_move
move_foe_left
Al terminar el movimiento:
-1|-1|-1|-1|-1|-1|-1|-1|-1|-1|-1|-1|
-1|0|-1|1|2|-1|-1|3|-1|-1|-1|-1|
-1|-1|-1|-1|-1|-1|-1|-1|-1|-1|-1|-1|
-1|-1|-1|-1|4|-1|5|6|-1|-1|-1|-1|
-1|-1|-1|-1|-1|-1|-1|-1|-1|-1|-1|-1|
-1|-1|-1|7|-1|-1|-1|-1|-1|-1|-1|-1|
-1|-1|-1|-1|-1|-1|-1|-1|8|-1|-1|-1|
-1|-1|-1|-1|-1|-1|-1|-1|-1|-1|-1|-1|

-----------------------------
antes de ningún movimiento: 7 tiene dirección 3
-1|-1|-1|-1|-1|-1|-1|-1|-1|-1|-1|-1|
-1|0|-1|1|2|-1|-1|3|-1|-1|-1|-1|
-1|-1|-1|-1|-1|-1|-1|-1|-1|-1|-1|-1|
-1|-1|-1|-1|4|-1|5|6|-1|-1|-1|-1|
-1|-1|-1|-1|-1|-1|-1|-1|-1|-1|-1|-1|
-1|-1|-1|7|-1|-1|-1|-1|-1|-1|-1|-1|
-1|-1|-1|-1|-1|-1|-1|-1|8|-1|-1|-1|
-1|-1|-1|-1|-1|-1|-1|-1|-1|-1|-1|-1|

-----------------------------
check_if_foe_can_move
move_foe_left
move_foe_right
vamos a hacer un movimiento!!!! dirección: 4
Al terminar el movimiento:
-1|-1|-1|-1|-1|-1|-1|-1|-1|-1|-1|-1|
-1|0|-1|1|2|-1|-1|3|-1|-1|-1|-1|
-1|-1|-1|-1|-1|-1|-1|-1|-1|-1|-1|-1|
-1|-1|-1|-1|4|-1|5|6|-1|-1|-1|-1|
-1|-1|-1|-1|-1|-1|-1|-1|-1|-1|-1|-1|
-1|-1|-1|-1|7|-1|-1|-1|-1|-1|-1|-1|
-1|-1|-1|-1|-1|-1|-1|-1|8|-1|-1|-1|
-1|-1|-1|-1|-1|-1|-1|-1|-1|-1|-1|-1|

-----------------------------
antes de ningún movimiento: 8 tiene dirección -1
-1|-1|-1|-1|-1|-1|-1|-1|-1|-1|-1|-1|
-1|0|-1|1|2|-1|-1|3|-1|-1|-1|-1|
-1|-1|-1|-1|-1|-1|-1|-1|-1|-1|-1|-1|
-1|-1|-1|-1|4|-1|5|6|-1|-1|-1|-1|
-1|-1|-1|-1|-1|-1|-1|-1|-1|-1|-1|-1|
-1|-1|-1|-1|7|-1|-1|-1|-1|-1|-1|-1|
-1|-1|-1|-1|-1|-1|-1|-1|8|-1|-1|-1|
-1|-1|-1|-1|-1|-1|-1|-1|-1|-1|-1|-1|

-----------------------------
i = 0
HORA DE REFRESZARªªªªªªªªªªªªªªªªª!!!!!!!!!
UNA RONDITA DE MOVER A LOS ENEMIGOS YUHU!!!
antes de ningún movimiento: 0 tiene dirección 0
-1|-1|-1|-1|-1|-1|-1|-1|-1|-1|-1|-1|
-1|0|-1|1|2|-1|-1|3|-1|-1|-1|-1|
-1|-1|-1|-1|-1|-1|-1|-1|-1|-1|-1|-1|
-1|-1|-1|-1|4|-1|5|6|-1|-1|-1|-1|
-1|-1|-1|-1|-1|-1|-1|-1|-1|-1|-1|-1|
-1|-1|-1|-1|7|-1|-1|-1|-1|-1|-1|-1|
-1|-1|-1|-1|-1|-1|-1|-1|8|-1|-1|-1|
-1|-1|-1|-1|-1|-1|-1|-1|-1|-1|-1|-1|

-----------------------------
check_if_foe_can_move
move_foe_left
move_foe_right
vamos a hacer un movimiento!!!! dirección: 4
Al terminar el movimiento:
-1|-1|-1|-1|-1|-1|-1|-1|-1|-1|-1|-1|
-1|-1|0|1|2|-1|-1|3|-1|-1|-1|-1|
-1|-1|-1|-1|-1|-1|-1|-1|-1|-1|-1|-1|
-1|-1|-1|-1|4|-1|5|6|-1|-1|-1|-1|
-1|-1|-1|-1|-1|-1|-1|-1|-1|-1|-1|-1|
-1|-1|-1|-1|7|-1|-1|-1|-1|-1|-1|-1|
-1|-1|-1|-1|-1|-1|-1|-1|8|-1|-1|-1|
-1|-1|-1|-1|-1|-1|-1|-1|-1|-1|-1|-1|

-----------------------------
antes de ningún movimiento: 1 tiene dirección 4
-1|-1|-1|-1|-1|-1|-1|-1|-1|-1|-1|-1|
-1|-1|0|1|2|-1|-1|3|-1|-1|-1|-1|
-1|-1|-1|-1|-1|-1|-1|-1|-1|-1|-1|-1|
-1|-1|-1|-1|4|-1|5|6|-1|-1|-1|-1|
-1|-1|-1|-1|-1|-1|-1|-1|-1|-1|-1|-1|
-1|-1|-1|-1|7|-1|-1|-1|-1|-1|-1|-1|
-1|-1|-1|-1|-1|-1|-1|-1|8|-1|-1|-1|
-1|-1|-1|-1|-1|-1|-1|-1|-1|-1|-1|-1|

-----------------------------
check_if_foe_can_move
move_foe_right
vamos a hacer un movimiento!!!! dirección: 3
vamos a hacer un movimiento!!!! dirección: 0
Al terminar el movimiento:
-1|-1|-1|-1|-1|-1|-1|-1|-1|-1|-1|-1|
-1|-1|0|1|2|-1|-1|3|-1|-1|-1|-1|
-1|-1|-1|-1|-1|-1|-1|-1|-1|-1|-1|-1|
-1|-1|-1|-1|4|-1|5|6|-1|-1|-1|-1|
-1|-1|-1|-1|-1|-1|-1|-1|-1|-1|-1|-1|
-1|-1|-1|-1|7|-1|-1|-1|-1|-1|-1|-1|
-1|-1|-1|-1|-1|-1|-1|-1|8|-1|-1|-1|
-1|-1|-1|-1|-1|-1|-1|-1|-1|-1|-1|-1|

-----------------------------
antes de ningún movimiento: 2 tiene dirección 4
-1|-1|-1|-1|-1|-1|-1|-1|-1|-1|-1|-1|
-1|-1|0|1|2|-1|-1|3|-1|-1|-1|-1|
-1|-1|-1|-1|-1|-1|-1|-1|-1|-1|-1|-1|
-1|-1|-1|-1|4|-1|5|6|-1|-1|-1|-1|
-1|-1|-1|-1|-1|-1|-1|-1|-1|-1|-1|-1|
-1|-1|-1|-1|7|-1|-1|-1|-1|-1|-1|-1|
-1|-1|-1|-1|-1|-1|-1|-1|8|-1|-1|-1|
-1|-1|-1|-1|-1|-1|-1|-1|-1|-1|-1|-1|

-----------------------------
check_if_foe_can_move
move_foe_right
vamos a hacer un movimiento!!!! dirección: 4
Al terminar el movimiento:
-1|-1|-1|-1|-1|-1|-1|-1|-1|-1|-1|-1|
-1|-1|0|1|-1|2|-1|3|-1|-1|-1|-1|
-1|-1|-1|-1|-1|-1|-1|-1|-1|-1|-1|-1|
-1|-1|-1|-1|4|-1|5|6|-1|-1|-1|-1|
-1|-1|-1|-1|-1|-1|-1|-1|-1|-1|-1|-1|
-1|-1|-1|-1|7|-1|-1|-1|-1|-1|-1|-1|
-1|-1|-1|-1|-1|-1|-1|-1|8|-1|-1|-1|
-1|-1|-1|-1|-1|-1|-1|-1|-1|-1|-1|-1|

-----------------------------
antes de ningún movimiento: 3 tiene dirección 4
-1|-1|-1|-1|-1|-1|-1|-1|-1|-1|-1|-1|
-1|-1|0|1|-1|2|-1|3|-1|-1|-1|-1|
-1|-1|-1|-1|-1|-1|-1|-1|-1|-1|-1|-1|
-1|-1|-1|-1|4|-1|5|6|-1|-1|-1|-1|
-1|-1|-1|-1|-1|-1|-1|-1|-1|-1|-1|-1|
-1|-1|-1|-1|7|-1|-1|-1|-1|-1|-1|-1|
-1|-1|-1|-1|-1|-1|-1|-1|8|-1|-1|-1|
-1|-1|-1|-1|-1|-1|-1|-1|-1|-1|-1|-1|

-----------------------------
check_if_foe_can_move
move_foe_right
vamos a hacer un movimiento!!!! dirección: 4
Al terminar el movimiento:
-1|-1|-1|-1|-1|-1|-1|-1|-1|-1|-1|-1|
-1|-1|0|1|-1|2|-1|-1|3|-1|-1|-1|
-1|-1|-1|-1|-1|-1|-1|-1|-1|-1|-1|-1|
-1|-1|-1|-1|4|-1|5|6|-1|-1|-1|-1|
-1|-1|-1|-1|-1|-1|-1|-1|-1|-1|-1|-1|
-1|-1|-1|-1|7|-1|-1|-1|-1|-1|-1|-1|
-1|-1|-1|-1|-1|-1|-1|-1|8|-1|-1|-1|
-1|-1|-1|-1|-1|-1|-1|-1|-1|-1|-1|-1|

-----------------------------
antes de ningún movimiento: 4 tiene dirección 4
-1|-1|-1|-1|-1|-1|-1|-1|-1|-1|-1|-1|
-1|-1|0|1|-1|2|-1|-1|3|-1|-1|-1|
-1|-1|-1|-1|-1|-1|-1|-1|-1|-1|-1|-1|
-1|-1|-1|-1|4|-1|5|6|-1|-1|-1|-1|
-1|-1|-1|-1|-1|-1|-1|-1|-1|-1|-1|-1|
-1|-1|-1|-1|7|-1|-1|-1|-1|-1|-1|-1|
-1|-1|-1|-1|-1|-1|-1|-1|8|-1|-1|-1|
-1|-1|-1|-1|-1|-1|-1|-1|-1|-1|-1|-1|

-----------------------------
check_if_foe_can_move
move_foe_right
vamos a hacer un movimiento!!!! dirección: 4
Al terminar el movimiento:
-1|-1|-1|-1|-1|-1|-1|-1|-1|-1|-1|-1|
-1|-1|0|1|-1|2|-1|-1|3|-1|-1|-1|
-1|-1|-1|-1|-1|-1|-1|-1|-1|-1|-1|-1|
-1|-1|-1|-1|-1|4|5|6|-1|-1|-1|-1|
-1|-1|-1|-1|-1|-1|-1|-1|-1|-1|-1|-1|
-1|-1|-1|-1|7|-1|-1|-1|-1|-1|-1|-1|
-1|-1|-1|-1|-1|-1|-1|-1|8|-1|-1|-1|
-1|-1|-1|-1|-1|-1|-1|-1|-1|-1|-1|-1|

-----------------------------
antes de ningún movimiento: 5 tiene dirección 3
-1|-1|-1|-1|-1|-1|-1|-1|-1|-1|-1|-1|
-1|-1|0|1|-1|2|-1|-1|3|-1|-1|-1|
-1|-1|-1|-1|-1|-1|-1|-1|-1|-1|-1|-1|
-1|-1|-1|-1|-1|4|5|6|-1|-1|-1|-1|
-1|-1|-1|-1|-1|-1|-1|-1|-1|-1|-1|-1|
-1|-1|-1|-1|7|-1|-1|-1|-1|-1|-1|-1|
-1|-1|-1|-1|-1|-1|-1|-1|8|-1|-1|-1|
-1|-1|-1|-1|-1|-1|-1|-1|-1|-1|-1|-1|

-----------------------------
check_if_foe_can_move
move_foe_left
Al terminar el movimiento:
-1|-1|-1|-1|-1|-1|-1|-1|-1|-1|-1|-1|
-1|-1|0|1|-1|2|-1|-1|3|-1|-1|-1|
-1|-1|-1|-1|-1|-1|-1|-1|-1|-1|-1|-1|
-1|-1|-1|-1|-1|4|5|6|-1|-1|-1|-1|
-1|-1|-1|-1|-1|-1|-1|-1|-1|-1|-1|-1|
-1|-1|-1|-1|7|-1|-1|-1|-1|-1|-1|-1|
-1|-1|-1|-1|-1|-1|-1|-1|8|-1|-1|-1|
-1|-1|-1|-1|-1|-1|-1|-1|-1|-1|-1|-1|

-----------------------------
antes de ningún movimiento: 6 tiene dirección 4
-1|-1|-1|-1|-1|-1|-1|-1|-1|-1|-1|-1|
-1|-1|0|1|-1|2|-1|-1|3|-1|-1|-1|
-1|-1|-1|-1|-1|-1|-1|-1|-1|-1|-1|-1|
-1|-1|-1|-1|-1|4|5|6|-1|-1|-1|-1|
-1|-1|-1|-1|-1|-1|-1|-1|-1|-1|-1|-1|
-1|-1|-1|-1|7|-1|-1|-1|-1|-1|-1|-1|
-1|-1|-1|-1|-1|-1|-1|-1|8|-1|-1|-1|
-1|-1|-1|-1|-1|-1|-1|-1|-1|-1|-1|-1|

-----------------------------
check_if_foe_can_move
move_foe_right
vamos a hacer un movimiento!!!! dirección: 4
Al terminar el movimiento:
-1|-1|-1|-1|-1|-1|-1|-1|-1|-1|-1|-1|
-1|-1|0|1|-1|2|-1|-1|3|-1|-1|-1|
-1|-1|-1|-1|-1|-1|-1|-1|-1|-1|-1|-1|
-1|-1|-1|-1|-1|4|5|-1|6|-1|-1|-1|
-1|-1|-1|-1|-1|-1|-1|-1|-1|-1|-1|-1|
-1|-1|-1|-1|7|-1|-1|-1|-1|-1|-1|-1|
-1|-1|-1|-1|-1|-1|-1|-1|8|-1|-1|-1|
-1|-1|-1|-1|-1|-1|-1|-1|-1|-1|-1|-1|

-----------------------------
antes de ningún movimiento: 7 tiene dirección 4
-1|-1|-1|-1|-1|-1|-1|-1|-1|-1|-1|-1|
-1|-1|0|1|-1|2|-1|-1|3|-1|-1|-1|
-1|-1|-1|-1|-1|-1|-1|-1|-1|-1|-1|-1|
-1|-1|-1|-1|-1|4|5|-1|6|-1|-1|-1|
-1|-1|-1|-1|-1|-1|-1|-1|-1|-1|-1|-1|
-1|-1|-1|-1|7|-1|-1|-1|-1|-1|-1|-1|
-1|-1|-1|-1|-1|-1|-1|-1|8|-1|-1|-1|
-1|-1|-1|-1|-1|-1|-1|-1|-1|-1|-1|-1|

-----------------------------
check_if_foe_can_move
move_foe_right
move_foe_left
vamos a hacer un movimiento!!!! dirección: 3
Al terminar el movimiento:
-1|-1|-1|-1|-1|-1|-1|-1|-1|-1|-1|-1|
-1|-1|0|1|-1|2|-1|-1|3|-1|-1|-1|
-1|-1|-1|-1|-1|-1|-1|-1|-1|-1|-1|-1|
-1|-1|-1|-1|-1|4|5|-1|6|-1|-1|-1|
-1|-1|-1|-1|-1|-1|-1|-1|-1|-1|-1|-1|
-1|-1|-1|7|-1|-1|-1|-1|-1|-1|-1|-1|
-1|-1|-1|-1|-1|-1|-1|-1|8|-1|-1|-1|
-1|-1|-1|-1|-1|-1|-1|-1|-1|-1|-1|-1|

-----------------------------
antes de ningún movimiento: 8 tiene dirección -1
-1|-1|-1|-1|-1|-1|-1|-1|-1|-1|-1|-1|
-1|-1|0|1|-1|2|-1|-1|3|-1|-1|-1|
-1|-1|-1|-1|-1|-1|-1|-1|-1|-1|-1|-1|
-1|-1|-1|-1|-1|4|5|-1|6|-1|-1|-1|
-1|-1|-1|-1|-1|-1|-1|-1|-1|-1|-1|-1|
-1|-1|-1|7|-1|-1|-1|-1|-1|-1|-1|-1|
-1|-1|-1|-1|-1|-1|-1|-1|8|-1|-1|-1|
-1|-1|-1|-1|-1|-1|-1|-1|-1|-1|-1|-1|

-----------------------------
i = 0
HORA DE REFRESZARªªªªªªªªªªªªªªªªª!!!!!!!!!
UNA RONDITA DE MOVER A LOS ENEMIGOS YUHU!!!
antes de ningún movimiento: 0 tiene dirección 4
-1|-1|-1|-1|-1|-1|-1|-1|-1|-1|-1|-1|
-1|-1|0|1|-1|2|-1|-1|3|-1|-1|-1|
-1|-1|-1|-1|-1|-1|-1|-1|-1|-1|-1|-1|
-1|-1|-1|-1|-1|4|5|-1|6|-1|-1|-1|
-1|-1|-1|-1|-1|-1|-1|-1|-1|-1|-1|-1|
-1|-1|-1|7|-1|-1|-1|-1|-1|-1|-1|-1|
-1|-1|-1|-1|-1|-1|-1|-1|8|-1|-1|-1|
-1|-1|-1|-1|-1|-1|-1|-1|-1|-1|-1|-1|

-----------------------------
check_if_foe_can_move
move_foe_right
Al terminar el movimiento:
-1|-1|-1|-1|-1|-1|-1|-1|-1|-1|-1|-1|
-1|-1|0|1|-1|2|-1|-1|3|-1|-1|-1|
-1|-1|-1|-1|-1|-1|-1|-1|-1|-1|-1|-1|
-1|-1|-1|-1|-1|4|5|-1|6|-1|-1|-1|
-1|-1|-1|-1|-1|-1|-1|-1|-1|-1|-1|-1|
-1|-1|-1|7|-1|-1|-1|-1|-1|-1|-1|-1|
-1|-1|-1|-1|-1|-1|-1|-1|8|-1|-1|-1|
-1|-1|-1|-1|-1|-1|-1|-1|-1|-1|-1|-1|

-----------------------------
antes de ningún movimiento: 1 tiene dirección 0
-1|-1|-1|-1|-1|-1|-1|-1|-1|-1|-1|-1|
-1|-1|0|1|-1|2|-1|-1|3|-1|-1|-1|
-1|-1|-1|-1|-1|-1|-1|-1|-1|-1|-1|-1|
-1|-1|-1|-1|-1|4|5|-1|6|-1|-1|-1|
-1|-1|-1|-1|-1|-1|-1|-1|-1|-1|-1|-1|
-1|-1|-1|7|-1|-1|-1|-1|-1|-1|-1|-1|
-1|-1|-1|-1|-1|-1|-1|-1|8|-1|-1|-1|
-1|-1|-1|-1|-1|-1|-1|-1|-1|-1|-1|-1|

-----------------------------
check_if_foe_can_move
move_foe_left
Al terminar el movimiento:
-1|-1|-1|-1|-1|-1|-1|-1|-1|-1|-1|-1|
-1|-1|0|1|-1|2|-1|-1|3|-1|-1|-1|
-1|-1|-1|-1|-1|-1|-1|-1|-1|-1|-1|-1|
-1|-1|-1|-1|-1|4|5|-1|6|-1|-1|-1|
-1|-1|-1|-1|-1|-1|-1|-1|-1|-1|-1|-1|
-1|-1|-1|7|-1|-1|-1|-1|-1|-1|-1|-1|
-1|-1|-1|-1|-1|-1|-1|-1|8|-1|-1|-1|
-1|-1|-1|-1|-1|-1|-1|-1|-1|-1|-1|-1|

-----------------------------
antes de ningún movimiento: 2 tiene dirección 4
-1|-1|-1|-1|-1|-1|-1|-1|-1|-1|-1|-1|
-1|-1|0|1|-1|2|-1|-1|3|-1|-1|-1|
-1|-1|-1|-1|-1|-1|-1|-1|-1|-1|-1|-1|
-1|-1|-1|-1|-1|4|5|-1|6|-1|-1|-1|
-1|-1|-1|-1|-1|-1|-1|-1|-1|-1|-1|-1|
-1|-1|-1|7|-1|-1|-1|-1|-1|-1|-1|-1|
-1|-1|-1|-1|-1|-1|-1|-1|8|-1|-1|-1|
-1|-1|-1|-1|-1|-1|-1|-1|-1|-1|-1|-1|

-----------------------------
check_if_foe_can_move
move_foe_right
vamos a hacer un movimiento!!!! dirección: 4
Al terminar el movimiento:
-1|-1|-1|-1|-1|-1|-1|-1|-1|-1|-1|-1|
-1|-1|0|1|-1|-1|2|-1|3|-1|-1|-1|
-1|-1|-1|-1|-1|-1|-1|-1|-1|-1|-1|-1|
-1|-1|-1|-1|-1|4|5|-1|6|-1|-1|-1|
-1|-1|-1|-1|-1|-1|-1|-1|-1|-1|-1|-1|
-1|-1|-1|7|-1|-1|-1|-1|-1|-1|-1|-1|
-1|-1|-1|-1|-1|-1|-1|-1|8|-1|-1|-1|
-1|-1|-1|-1|-1|-1|-1|-1|-1|-1|-1|-1|

-----------------------------
antes de ningún movimiento: 3 tiene dirección 4
-1|-1|-1|-1|-1|-1|-1|-1|-1|-1|-1|-1|
-1|-1|0|1|-1|-1|2|-1|3|-1|-1|-1|
-1|-1|-1|-1|-1|-1|-1|-1|-1|-1|-1|-1|
-1|-1|-1|-1|-1|4|5|-1|6|-1|-1|-1|
-1|-1|-1|-1|-1|-1|-1|-1|-1|-1|-1|-1|
-1|-1|-1|7|-1|-1|-1|-1|-1|-1|-1|-1|
-1|-1|-1|-1|-1|-1|-1|-1|8|-1|-1|-1|
-1|-1|-1|-1|-1|-1|-1|-1|-1|-1|-1|-1|

-----------------------------
check_if_foe_can_move
move_foe_right
vamos a hacer un movimiento!!!! dirección: 4
Al terminar el movimiento:
-1|-1|-1|-1|-1|-1|-1|-1|-1|-1|-1|-1|
-1|-1|0|1|-1|-1|2|-1|-1|3|-1|-1|
-1|-1|-1|-1|-1|-1|-1|-1|-1|-1|-1|-1|
-1|-1|-1|-1|-1|4|5|-1|6|-1|-1|-1|
-1|-1|-1|-1|-1|-1|-1|-1|-1|-1|-1|-1|
-1|-1|-1|7|-1|-1|-1|-1|-1|-1|-1|-1|
-1|-1|-1|-1|-1|-1|-1|-1|8|-1|-1|-1|
-1|-1|-1|-1|-1|-1|-1|-1|-1|-1|-1|-1|

-----------------------------
antes de ningún movimiento: 4 tiene dirección 3
-1|-1|-1|-1|-1|-1|-1|-1|-1|-1|-1|-1|
-1|-1|0|1|-1|-1|2|-1|-1|3|-1|-1|
-1|-1|-1|-1|-1|-1|-1|-1|-1|-1|-1|-1|
-1|-1|-1|-1|-1|4|5|-1|6|-1|-1|-1|
-1|-1|-1|-1|-1|-1|-1|-1|-1|-1|-1|-1|
-1|-1|-1|7|-1|-1|-1|-1|-1|-1|-1|-1|
-1|-1|-1|-1|-1|-1|-1|-1|8|-1|-1|-1|
-1|-1|-1|-1|-1|-1|-1|-1|-1|-1|-1|-1|

-----------------------------
check_if_foe_can_move
move_foe_left
vamos a hacer un movimiento!!!! dirección: 3
Al terminar el movimiento:
-1|-1|-1|-1|-1|-1|-1|-1|-1|-1|-1|-1|
-1|-1|0|1|-1|-1|2|-1|-1|3|-1|-1|
-1|-1|-1|-1|-1|-1|-1|-1|-1|-1|-1|-1|
-1|-1|-1|-1|4|-1|5|-1|6|-1|-1|-1|
-1|-1|-1|-1|-1|-1|-1|-1|-1|-1|-1|-1|
-1|-1|-1|7|-1|-1|-1|-1|-1|-1|-1|-1|
-1|-1|-1|-1|-1|-1|-1|-1|8|-1|-1|-1|
-1|-1|-1|-1|-1|-1|-1|-1|-1|-1|-1|-1|

-----------------------------
antes de ningún movimiento: 5 tiene dirección 4
-1|-1|-1|-1|-1|-1|-1|-1|-1|-1|-1|-1|
-1|-1|0|1|-1|-1|2|-1|-1|3|-1|-1|
-1|-1|-1|-1|-1|-1|-1|-1|-1|-1|-1|-1|
-1|-1|-1|-1|4|-1|5|-1|6|-1|-1|-1|
-1|-1|-1|-1|-1|-1|-1|-1|-1|-1|-1|-1|
-1|-1|-1|7|-1|-1|-1|-1|-1|-1|-1|-1|
-1|-1|-1|-1|-1|-1|-1|-1|8|-1|-1|-1|
-1|-1|-1|-1|-1|-1|-1|-1|-1|-1|-1|-1|

-----------------------------
check_if_foe_can_move
move_foe_right
vamos a hacer un movimiento!!!! dirección: 4
Al terminar el movimiento:
-1|-1|-1|-1|-1|-1|-1|-1|-1|-1|-1|-1|
-1|-1|0|1|-1|-1|2|-1|-1|3|-1|-1|
-1|-1|-1|-1|-1|-1|-1|-1|-1|-1|-1|-1|
-1|-1|-1|-1|4|-1|-1|5|6|-1|-1|-1|
-1|-1|-1|-1|-1|-1|-1|-1|-1|-1|-1|-1|
-1|-1|-1|7|-1|-1|-1|-1|-1|-1|-1|-1|
-1|-1|-1|-1|-1|-1|-1|-1|8|-1|-1|-1|
-1|-1|-1|-1|-1|-1|-1|-1|-1|-1|-1|-1|

-----------------------------
antes de ningún movimiento: 6 tiene dirección 4
-1|-1|-1|-1|-1|-1|-1|-1|-1|-1|-1|-1|
-1|-1|0|1|-1|-1|2|-1|-1|3|-1|-1|
-1|-1|-1|-1|-1|-1|-1|-1|-1|-1|-1|-1|
-1|-1|-1|-1|4|-1|-1|5|6|-1|-1|-1|
-1|-1|-1|-1|-1|-1|-1|-1|-1|-1|-1|-1|
-1|-1|-1|7|-1|-1|-1|-1|-1|-1|-1|-1|
-1|-1|-1|-1|-1|-1|-1|-1|8|-1|-1|-1|
-1|-1|-1|-1|-1|-1|-1|-1|-1|-1|-1|-1|

-----------------------------
check_if_foe_can_move
move_foe_right
move_foe_left
Al terminar el movimiento:
-1|-1|-1|-1|-1|-1|-1|-1|-1|-1|-1|-1|
-1|-1|0|1|-1|-1|2|-1|-1|3|-1|-1|
-1|-1|-1|-1|-1|-1|-1|-1|-1|-1|-1|-1|
-1|-1|-1|-1|4|-1|-1|5|6|-1|-1|-1|
-1|-1|-1|-1|-1|-1|-1|-1|-1|-1|-1|-1|
-1|-1|-1|7|-1|-1|-1|-1|-1|-1|-1|-1|
-1|-1|-1|-1|-1|-1|-1|-1|8|-1|-1|-1|
-1|-1|-1|-1|-1|-1|-1|-1|-1|-1|-1|-1|

-----------------------------
antes de ningún movimiento: 7 tiene dirección 3
-1|-1|-1|-1|-1|-1|-1|-1|-1|-1|-1|-1|
-1|-1|0|1|-1|-1|2|-1|-1|3|-1|-1|
-1|-1|-1|-1|-1|-1|-1|-1|-1|-1|-1|-1|
-1|-1|-1|-1|4|-1|-1|5|6|-1|-1|-1|
-1|-1|-1|-1|-1|-1|-1|-1|-1|-1|-1|-1|
-1|-1|-1|7|-1|-1|-1|-1|-1|-1|-1|-1|
-1|-1|-1|-1|-1|-1|-1|-1|8|-1|-1|-1|
-1|-1|-1|-1|-1|-1|-1|-1|-1|-1|-1|-1|

-----------------------------
check_if_foe_can_move
move_foe_left
move_foe_right
vamos a hacer un movimiento!!!! dirección: 4
Al terminar el movimiento:
-1|-1|-1|-1|-1|-1|-1|-1|-1|-1|-1|-1|
-1|-1|0|1|-1|-1|2|-1|-1|3|-1|-1|
-1|-1|-1|-1|-1|-1|-1|-1|-1|-1|-1|-1|
-1|-1|-1|-1|4|-1|-1|5|6|-1|-1|-1|
-1|-1|-1|-1|-1|-1|-1|-1|-1|-1|-1|-1|
-1|-1|-1|-1|7|-1|-1|-1|-1|-1|-1|-1|
-1|-1|-1|-1|-1|-1|-1|-1|8|-1|-1|-1|
-1|-1|-1|-1|-1|-1|-1|-1|-1|-1|-1|-1|

-----------------------------
antes de ningún movimiento: 8 tiene dirección -1
-1|-1|-1|-1|-1|-1|-1|-1|-1|-1|-1|-1|
-1|-1|0|1|-1|-1|2|-1|-1|3|-1|-1|
-1|-1|-1|-1|-1|-1|-1|-1|-1|-1|-1|-1|
-1|-1|-1|-1|4|-1|-1|5|6|-1|-1|-1|
-1|-1|-1|-1|-1|-1|-1|-1|-1|-1|-1|-1|
-1|-1|-1|-1|7|-1|-1|-1|-1|-1|-1|-1|
-1|-1|-1|-1|-1|-1|-1|-1|8|-1|-1|-1|
-1|-1|-1|-1|-1|-1|-1|-1|-1|-1|-1|-1|

-----------------------------
i = 0
HORA DE REFRESZARªªªªªªªªªªªªªªªªª!!!!!!!!!
UNA RONDITA DE MOVER A LOS ENEMIGOS YUHU!!!
antes de ningún movimiento: 0 tiene dirección 3
-1|-1|-1|-1|-1|-1|-1|-1|-1|-1|-1|-1|
-1|-1|0|1|-1|-1|2|-1|-1|3|-1|-1|
-1|-1|-1|-1|-1|-1|-1|-1|-1|-1|-1|-1|
-1|-1|-1|-1|4|-1|-1|5|6|-1|-1|-1|
-1|-1|-1|-1|-1|-1|-1|-1|-1|-1|-1|-1|
-1|-1|-1|-1|7|-1|-1|-1|-1|-1|-1|-1|
-1|-1|-1|-1|-1|-1|-1|-1|8|-1|-1|-1|
-1|-1|-1|-1|-1|-1|-1|-1|-1|-1|-1|-1|

-----------------------------
check_if_foe_can_move
move_foe_left
vamos a hacer un movimiento!!!! dirección: 3
Al terminar el movimiento:
-1|-1|-1|-1|-1|-1|-1|-1|-1|-1|-1|-1|
-1|0|-1|1|-1|-1|2|-1|-1|3|-1|-1|
-1|-1|-1|-1|-1|-1|-1|-1|-1|-1|-1|-1|
-1|-1|-1|-1|4|-1|-1|5|6|-1|-1|-1|
-1|-1|-1|-1|-1|-1|-1|-1|-1|-1|-1|-1|
-1|-1|-1|-1|7|-1|-1|-1|-1|-1|-1|-1|
-1|-1|-1|-1|-1|-1|-1|-1|8|-1|-1|-1|
-1|-1|-1|-1|-1|-1|-1|-1|-1|-1|-1|-1|

-----------------------------
antes de ningún movimiento: 1 tiene dirección 4
-1|-1|-1|-1|-1|-1|-1|-1|-1|-1|-1|-1|
-1|0|-1|1|-1|-1|2|-1|-1|3|-1|-1|
-1|-1|-1|-1|-1|-1|-1|-1|-1|-1|-1|-1|
-1|-1|-1|-1|4|-1|-1|5|6|-1|-1|-1|
-1|-1|-1|-1|-1|-1|-1|-1|-1|-1|-1|-1|
-1|-1|-1|-1|7|-1|-1|-1|-1|-1|-1|-1|
-1|-1|-1|-1|-1|-1|-1|-1|8|-1|-1|-1|
-1|-1|-1|-1|-1|-1|-1|-1|-1|-1|-1|-1|

-----------------------------
check_if_foe_can_move
move_foe_right
vamos a hacer un movimiento!!!! dirección: 4
Al terminar el movimiento:
-1|-1|-1|-1|-1|-1|-1|-1|-1|-1|-1|-1|
-1|0|-1|-1|1|-1|2|-1|-1|3|-1|-1|
-1|-1|-1|-1|-1|-1|-1|-1|-1|-1|-1|-1|
-1|-1|-1|-1|4|-1|-1|5|6|-1|-1|-1|
-1|-1|-1|-1|-1|-1|-1|-1|-1|-1|-1|-1|
-1|-1|-1|-1|7|-1|-1|-1|-1|-1|-1|-1|
-1|-1|-1|-1|-1|-1|-1|-1|8|-1|-1|-1|
-1|-1|-1|-1|-1|-1|-1|-1|-1|-1|-1|-1|

-----------------------------
antes de ningún movimiento: 2 tiene dirección 4
-1|-1|-1|-1|-1|-1|-1|-1|-1|-1|-1|-1|
-1|0|-1|-1|1|-1|2|-1|-1|3|-1|-1|
-1|-1|-1|-1|-1|-1|-1|-1|-1|-1|-1|-1|
-1|-1|-1|-1|4|-1|-1|5|6|-1|-1|-1|
-1|-1|-1|-1|-1|-1|-1|-1|-1|-1|-1|-1|
-1|-1|-1|-1|7|-1|-1|-1|-1|-1|-1|-1|
-1|-1|-1|-1|-1|-1|-1|-1|8|-1|-1|-1|
-1|-1|-1|-1|-1|-1|-1|-1|-1|-1|-1|-1|

-----------------------------
check_if_foe_can_move
move_foe_right
vamos a hacer un movimiento!!!! dirección: 4
Al terminar el movimiento:
-1|-1|-1|-1|-1|-1|-1|-1|-1|-1|-1|-1|
-1|0|-1|-1|1|-1|-1|2|-1|3|-1|-1|
-1|-1|-1|-1|-1|-1|-1|-1|-1|-1|-1|-1|
-1|-1|-1|-1|4|-1|-1|5|6|-1|-1|-1|
-1|-1|-1|-1|-1|-1|-1|-1|-1|-1|-1|-1|
-1|-1|-1|-1|7|-1|-1|-1|-1|-1|-1|-1|
-1|-1|-1|-1|-1|-1|-1|-1|8|-1|-1|-1|
-1|-1|-1|-1|-1|-1|-1|-1|-1|-1|-1|-1|

-----------------------------
antes de ningún movimiento: 3 tiene dirección 4
-1|-1|-1|-1|-1|-1|-1|-1|-1|-1|-1|-1|
-1|0|-1|-1|1|-1|-1|2|-1|3|-1|-1|
-1|-1|-1|-1|-1|-1|-1|-1|-1|-1|-1|-1|
-1|-1|-1|-1|4|-1|-1|5|6|-1|-1|-1|
-1|-1|-1|-1|-1|-1|-1|-1|-1|-1|-1|-1|
-1|-1|-1|-1|7|-1|-1|-1|-1|-1|-1|-1|
-1|-1|-1|-1|-1|-1|-1|-1|8|-1|-1|-1|
-1|-1|-1|-1|-1|-1|-1|-1|-1|-1|-1|-1|

-----------------------------
check_if_foe_can_move
move_foe_right
vamos a hacer un movimiento!!!! dirección: 4
Al terminar el movimiento:
-1|-1|-1|-1|-1|-1|-1|-1|-1|-1|-1|-1|
-1|0|-1|-1|1|-1|-1|2|-1|-1|3|-1|
-1|-1|-1|-1|-1|-1|-1|-1|-1|-1|-1|-1|
-1|-1|-1|-1|4|-1|-1|5|6|-1|-1|-1|
-1|-1|-1|-1|-1|-1|-1|-1|-1|-1|-1|-1|
-1|-1|-1|-1|7|-1|-1|-1|-1|-1|-1|-1|
-1|-1|-1|-1|-1|-1|-1|-1|8|-1|-1|-1|
-1|-1|-1|-1|-1|-1|-1|-1|-1|-1|-1|-1|

-----------------------------
antes de ningún movimiento: 4 tiene dirección 3
-1|-1|-1|-1|-1|-1|-1|-1|-1|-1|-1|-1|
-1|0|-1|-1|1|-1|-1|2|-1|-1|3|-1|
-1|-1|-1|-1|-1|-1|-1|-1|-1|-1|-1|-1|
-1|-1|-1|-1|4|-1|-1|5|6|-1|-1|-1|
-1|-1|-1|-1|-1|-1|-1|-1|-1|-1|-1|-1|
-1|-1|-1|-1|7|-1|-1|-1|-1|-1|-1|-1|
-1|-1|-1|-1|-1|-1|-1|-1|8|-1|-1|-1|
-1|-1|-1|-1|-1|-1|-1|-1|-1|-1|-1|-1|

-----------------------------
check_if_foe_can_move
move_foe_left
vamos a hacer un movimiento!!!! dirección: 3
Al terminar el movimiento:
-1|-1|-1|-1|-1|-1|-1|-1|-1|-1|-1|-1|
-1|0|-1|-1|1|-1|-1|2|-1|-1|3|-1|
-1|-1|-1|-1|-1|-1|-1|-1|-1|-1|-1|-1|
-1|-1|-1|4|-1|-1|-1|5|6|-1|-1|-1|
-1|-1|-1|-1|-1|-1|-1|-1|-1|-1|-1|-1|
-1|-1|-1|-1|7|-1|-1|-1|-1|-1|-1|-1|
-1|-1|-1|-1|-1|-1|-1|-1|8|-1|-1|-1|
-1|-1|-1|-1|-1|-1|-1|-1|-1|-1|-1|-1|

-----------------------------
antes de ningún movimiento: 5 tiene dirección 3
-1|-1|-1|-1|-1|-1|-1|-1|-1|-1|-1|-1|
-1|0|-1|-1|1|-1|-1|2|-1|-1|3|-1|
-1|-1|-1|-1|-1|-1|-1|-1|-1|-1|-1|-1|
-1|-1|-1|4|-1|-1|-1|5|6|-1|-1|-1|
-1|-1|-1|-1|-1|-1|-1|-1|-1|-1|-1|-1|
-1|-1|-1|-1|7|-1|-1|-1|-1|-1|-1|-1|
-1|-1|-1|-1|-1|-1|-1|-1|8|-1|-1|-1|
-1|-1|-1|-1|-1|-1|-1|-1|-1|-1|-1|-1|

-----------------------------
check_if_foe_can_move
move_foe_left
vamos a hacer un movimiento!!!! dirección: 3
Al terminar el movimiento:
-1|-1|-1|-1|-1|-1|-1|-1|-1|-1|-1|-1|
-1|0|-1|-1|1|-1|-1|2|-1|-1|3|-1|
-1|-1|-1|-1|-1|-1|-1|-1|-1|-1|-1|-1|
-1|-1|-1|4|-1|-1|5|-1|6|-1|-1|-1|
-1|-1|-1|-1|-1|-1|-1|-1|-1|-1|-1|-1|
-1|-1|-1|-1|7|-1|-1|-1|-1|-1|-1|-1|
-1|-1|-1|-1|-1|-1|-1|-1|8|-1|-1|-1|
-1|-1|-1|-1|-1|-1|-1|-1|-1|-1|-1|-1|

-----------------------------
antes de ningún movimiento: 6 tiene dirección 4
-1|-1|-1|-1|-1|-1|-1|-1|-1|-1|-1|-1|
-1|0|-1|-1|1|-1|-1|2|-1|-1|3|-1|
-1|-1|-1|-1|-1|-1|-1|-1|-1|-1|-1|-1|
-1|-1|-1|4|-1|-1|5|-1|6|-1|-1|-1|
-1|-1|-1|-1|-1|-1|-1|-1|-1|-1|-1|-1|
-1|-1|-1|-1|7|-1|-1|-1|-1|-1|-1|-1|
-1|-1|-1|-1|-1|-1|-1|-1|8|-1|-1|-1|
-1|-1|-1|-1|-1|-1|-1|-1|-1|-1|-1|-1|

-----------------------------
check_if_foe_can_move
vamos a hacer un movimiento!!!! dirección: -1
antes de ningún movimiento: 7 tiene dirección 4
-1|-1|-1|-1|-1|-1|-1|-1|-1|-1|-1|-1|
-1|0|-1|-1|1|-1|-1|2|-1|-1|3|-1|
-1|-1|-1|-1|-1|-1|-1|-1|-1|-1|-1|-1|
-1|-1|-1|4|-1|-1|5|-1|6|-1|-1|-1|
-1|-1|-1|-1|-1|-1|-1|-1|-1|-1|-1|-1|
-1|-1|-1|-1|7|-1|-1|-1|-1|-1|-1|-1|
-1|-1|-1|-1|-1|-1|-1|-1|8|-1|-1|-1|
-1|-1|-1|-1|-1|-1|-1|-1|-1|-1|-1|-1|

-----------------------------
check_if_foe_can_move
move_foe_right
move_foe_left
vamos a hacer un movimiento!!!! dirección: 3
Al terminar el movimiento:
-1|-1|-1|-1|-1|-1|-1|-1|-1|-1|-1|-1|
-1|0|-1|-1|1|-1|-1|2|-1|-1|3|-1|
-1|-1|-1|-1|-1|-1|-1|-1|-1|-1|-1|-1|
-1|-1|-1|4|-1|-1|5|-1|6|-1|-1|-1|
-1|-1|-1|-1|-1|-1|-1|-1|-1|-1|-1|-1|
-1|-1|-1|7|-1|-1|-1|-1|-1|-1|-1|-1|
-1|-1|-1|-1|-1|-1|-1|-1|8|-1|-1|-1|
-1|-1|-1|-1|-1|-1|-1|-1|-1|-1|-1|-1|

-----------------------------
antes de ningún movimiento: 8 tiene dirección -1
-1|-1|-1|-1|-1|-1|-1|-1|-1|-1|-1|-1|
-1|0|-1|-1|1|-1|-1|2|-1|-1|3|-1|
-1|-1|-1|-1|-1|-1|-1|-1|-1|-1|-1|-1|
-1|-1|-1|4|-1|-1|5|-1|6|-1|-1|-1|
-1|-1|-1|-1|-1|-1|-1|-1|-1|-1|-1|-1|
-1|-1|-1|7|-1|-1|-1|-1|-1|-1|-1|-1|
-1|-1|-1|-1|-1|-1|-1|-1|8|-1|-1|-1|
-1|-1|-1|-1|-1|-1|-1|-1|-1|-1|-1|-1|

-----------------------------
i = 0
HORA DE REFRESZARªªªªªªªªªªªªªªªªª!!!!!!!!!
UNA RONDITA DE MOVER A LOS ENEMIGOS YUHU!!!
antes de ningún movimiento: 0 tiene dirección 3
-1|-1|-1|-1|-1|-1|-1|-1|-1|-1|-1|-1|
-1|0|-1|-1|1|-1|-1|2|-1|-1|3|-1|
-1|-1|-1|-1|-1|-1|-1|-1|-1|-1|-1|-1|
-1|-1|-1|4|-1|-1|5|-1|6|-1|-1|-1|
-1|-1|-1|-1|-1|-1|-1|-1|-1|-1|-1|-1|
-1|-1|-1|7|-1|-1|-1|-1|-1|-1|-1|-1|
-1|-1|-1|-1|-1|-1|-1|-1|8|-1|-1|-1|
-1|-1|-1|-1|-1|-1|-1|-1|-1|-1|-1|-1|

-----------------------------
check_if_foe_can_move
move_foe_left
move_foe_right
vamos a hacer un movimiento!!!! dirección: 4
Al terminar el movimiento:
-1|-1|-1|-1|-1|-1|-1|-1|-1|-1|-1|-1|
-1|-1|0|-1|1|-1|-1|2|-1|-1|3|-1|
-1|-1|-1|-1|-1|-1|-1|-1|-1|-1|-1|-1|
-1|-1|-1|4|-1|-1|5|-1|6|-1|-1|-1|
-1|-1|-1|-1|-1|-1|-1|-1|-1|-1|-1|-1|
-1|-1|-1|7|-1|-1|-1|-1|-1|-1|-1|-1|
-1|-1|-1|-1|-1|-1|-1|-1|8|-1|-1|-1|
-1|-1|-1|-1|-1|-1|-1|-1|-1|-1|-1|-1|

-----------------------------
antes de ningún movimiento: 1 tiene dirección 4
-1|-1|-1|-1|-1|-1|-1|-1|-1|-1|-1|-1|
-1|-1|0|-1|1|-1|-1|2|-1|-1|3|-1|
-1|-1|-1|-1|-1|-1|-1|-1|-1|-1|-1|-1|
-1|-1|-1|4|-1|-1|5|-1|6|-1|-1|-1|
-1|-1|-1|-1|-1|-1|-1|-1|-1|-1|-1|-1|
-1|-1|-1|7|-1|-1|-1|-1|-1|-1|-1|-1|
-1|-1|-1|-1|-1|-1|-1|-1|8|-1|-1|-1|
-1|-1|-1|-1|-1|-1|-1|-1|-1|-1|-1|-1|

-----------------------------
check_if_foe_can_move
move_foe_right
vamos a hacer un movimiento!!!! dirección: 4
Al terminar el movimiento:
-1|-1|-1|-1|-1|-1|-1|-1|-1|-1|-1|-1|
-1|-1|0|-1|-1|1|-1|2|-1|-1|3|-1|
-1|-1|-1|-1|-1|-1|-1|-1|-1|-1|-1|-1|
-1|-1|-1|4|-1|-1|5|-1|6|-1|-1|-1|
-1|-1|-1|-1|-1|-1|-1|-1|-1|-1|-1|-1|
-1|-1|-1|7|-1|-1|-1|-1|-1|-1|-1|-1|
-1|-1|-1|-1|-1|-1|-1|-1|8|-1|-1|-1|
-1|-1|-1|-1|-1|-1|-1|-1|-1|-1|-1|-1|

-----------------------------
antes de ningún movimiento: 2 tiene dirección 4
-1|-1|-1|-1|-1|-1|-1|-1|-1|-1|-1|-1|
-1|-1|0|-1|-1|1|-1|2|-1|-1|3|-1|
-1|-1|-1|-1|-1|-1|-1|-1|-1|-1|-1|-1|
-1|-1|-1|4|-1|-1|5|-1|6|-1|-1|-1|
-1|-1|-1|-1|-1|-1|-1|-1|-1|-1|-1|-1|
-1|-1|-1|7|-1|-1|-1|-1|-1|-1|-1|-1|
-1|-1|-1|-1|-1|-1|-1|-1|8|-1|-1|-1|
-1|-1|-1|-1|-1|-1|-1|-1|-1|-1|-1|-1|

-----------------------------
check_if_foe_can_move
move_foe_right
vamos a hacer un movimiento!!!! dirección: 4
Al terminar el movimiento:
-1|-1|-1|-1|-1|-1|-1|-1|-1|-1|-1|-1|
-1|-1|0|-1|-1|1|-1|-1|2|-1|3|-1|
-1|-1|-1|-1|-1|-1|-1|-1|-1|-1|-1|-1|
-1|-1|-1|4|-1|-1|5|-1|6|-1|-1|-1|
-1|-1|-1|-1|-1|-1|-1|-1|-1|-1|-1|-1|
-1|-1|-1|7|-1|-1|-1|-1|-1|-1|-1|-1|
-1|-1|-1|-1|-1|-1|-1|-1|8|-1|-1|-1|
-1|-1|-1|-1|-1|-1|-1|-1|-1|-1|-1|-1|

-----------------------------
antes de ningún movimiento: 3 tiene dirección 4
-1|-1|-1|-1|-1|-1|-1|-1|-1|-1|-1|-1|
-1|-1|0|-1|-1|1|-1|-1|2|-1|3|-1|
-1|-1|-1|-1|-1|-1|-1|-1|-1|-1|-1|-1|
-1|-1|-1|4|-1|-1|5|-1|6|-1|-1|-1|
-1|-1|-1|-1|-1|-1|-1|-1|-1|-1|-1|-1|
-1|-1|-1|7|-1|-1|-1|-1|-1|-1|-1|-1|
-1|-1|-1|-1|-1|-1|-1|-1|8|-1|-1|-1|
-1|-1|-1|-1|-1|-1|-1|-1|-1|-1|-1|-1|

-----------------------------
check_if_foe_can_move
move_foe_right
move_foe_left
vamos a hacer un movimiento!!!! dirección: 3
Al terminar el movimiento:
-1|-1|-1|-1|-1|-1|-1|-1|-1|-1|-1|-1|
-1|-1|0|-1|-1|1|-1|-1|2|3|-1|-1|
-1|-1|-1|-1|-1|-1|-1|-1|-1|-1|-1|-1|
-1|-1|-1|4|-1|-1|5|-1|6|-1|-1|-1|
-1|-1|-1|-1|-1|-1|-1|-1|-1|-1|-1|-1|
-1|-1|-1|7|-1|-1|-1|-1|-1|-1|-1|-1|
-1|-1|-1|-1|-1|-1|-1|-1|8|-1|-1|-1|
-1|-1|-1|-1|-1|-1|-1|-1|-1|-1|-1|-1|

-----------------------------
antes de ningún movimiento: 4 tiene dirección 3
-1|-1|-1|-1|-1|-1|-1|-1|-1|-1|-1|-1|
-1|-1|0|-1|-1|1|-1|-1|2|3|-1|-1|
-1|-1|-1|-1|-1|-1|-1|-1|-1|-1|-1|-1|
-1|-1|-1|4|-1|-1|5|-1|6|-1|-1|-1|
-1|-1|-1|-1|-1|-1|-1|-1|-1|-1|-1|-1|
-1|-1|-1|7|-1|-1|-1|-1|-1|-1|-1|-1|
-1|-1|-1|-1|-1|-1|-1|-1|8|-1|-1|-1|
-1|-1|-1|-1|-1|-1|-1|-1|-1|-1|-1|-1|

-----------------------------
check_if_foe_can_move
move_foe_left
move_foe_right
vamos a hacer un movimiento!!!! dirección: 4
Al terminar el movimiento:
-1|-1|-1|-1|-1|-1|-1|-1|-1|-1|-1|-1|
-1|-1|0|-1|-1|1|-1|-1|2|3|-1|-1|
-1|-1|-1|-1|-1|-1|-1|-1|-1|-1|-1|-1|
-1|-1|-1|-1|4|-1|5|-1|6|-1|-1|-1|
-1|-1|-1|-1|-1|-1|-1|-1|-1|-1|-1|-1|
-1|-1|-1|7|-1|-1|-1|-1|-1|-1|-1|-1|
-1|-1|-1|-1|-1|-1|-1|-1|8|-1|-1|-1|
-1|-1|-1|-1|-1|-1|-1|-1|-1|-1|-1|-1|

-----------------------------
antes de ningún movimiento: 5 tiene dirección 3
-1|-1|-1|-1|-1|-1|-1|-1|-1|-1|-1|-1|
-1|-1|0|-1|-1|1|-1|-1|2|3|-1|-1|
-1|-1|-1|-1|-1|-1|-1|-1|-1|-1|-1|-1|
-1|-1|-1|-1|4|-1|5|-1|6|-1|-1|-1|
-1|-1|-1|-1|-1|-1|-1|-1|-1|-1|-1|-1|
-1|-1|-1|7|-1|-1|-1|-1|-1|-1|-1|-1|
-1|-1|-1|-1|-1|-1|-1|-1|8|-1|-1|-1|
-1|-1|-1|-1|-1|-1|-1|-1|-1|-1|-1|-1|

-----------------------------
check_if_foe_can_move
move_foe_left
vamos a hacer un movimiento!!!! dirección: 3
Al terminar el movimiento:
-1|-1|-1|-1|-1|-1|-1|-1|-1|-1|-1|-1|
-1|-1|0|-1|-1|1|-1|-1|2|3|-1|-1|
-1|-1|-1|-1|-1|-1|-1|-1|-1|-1|-1|-1|
-1|-1|-1|-1|4|5|-1|-1|6|-1|-1|-1|
-1|-1|-1|-1|-1|-1|-1|-1|-1|-1|-1|-1|
-1|-1|-1|7|-1|-1|-1|-1|-1|-1|-1|-1|
-1|-1|-1|-1|-1|-1|-1|-1|8|-1|-1|-1|
-1|-1|-1|-1|-1|-1|-1|-1|-1|-1|-1|-1|

-----------------------------
antes de ningún movimiento: 6 tiene dirección -1
-1|-1|-1|-1|-1|-1|-1|-1|-1|-1|-1|-1|
-1|-1|0|-1|-1|1|-1|-1|2|3|-1|-1|
-1|-1|-1|-1|-1|-1|-1|-1|-1|-1|-1|-1|
-1|-1|-1|-1|4|5|-1|-1|6|-1|-1|-1|
-1|-1|-1|-1|-1|-1|-1|-1|-1|-1|-1|-1|
-1|-1|-1|7|-1|-1|-1|-1|-1|-1|-1|-1|
-1|-1|-1|-1|-1|-1|-1|-1|8|-1|-1|-1|
-1|-1|-1|-1|-1|-1|-1|-1|-1|-1|-1|-1|

-----------------------------
antes de ningún movimiento: 7 tiene dirección 3
-1|-1|-1|-1|-1|-1|-1|-1|-1|-1|-1|-1|
-1|-1|0|-1|-1|1|-1|-1|2|3|-1|-1|
-1|-1|-1|-1|-1|-1|-1|-1|-1|-1|-1|-1|
-1|-1|-1|-1|4|5|-1|-1|6|-1|-1|-1|
-1|-1|-1|-1|-1|-1|-1|-1|-1|-1|-1|-1|
-1|-1|-1|7|-1|-1|-1|-1|-1|-1|-1|-1|
-1|-1|-1|-1|-1|-1|-1|-1|8|-1|-1|-1|
-1|-1|-1|-1|-1|-1|-1|-1|-1|-1|-1|-1|

-----------------------------
check_if_foe_can_move
move_foe_left
move_foe_right
vamos a hacer un movimiento!!!! dirección: 4
Al terminar el movimiento:
-1|-1|-1|-1|-1|-1|-1|-1|-1|-1|-1|-1|
-1|-1|0|-1|-1|1|-1|-1|2|3|-1|-1|
-1|-1|-1|-1|-1|-1|-1|-1|-1|-1|-1|-1|
-1|-1|-1|-1|4|5|-1|-1|6|-1|-1|-1|
-1|-1|-1|-1|-1|-1|-1|-1|-1|-1|-1|-1|
-1|-1|-1|-1|7|-1|-1|-1|-1|-1|-1|-1|
-1|-1|-1|-1|-1|-1|-1|-1|8|-1|-1|-1|
-1|-1|-1|-1|-1|-1|-1|-1|-1|-1|-1|-1|

-----------------------------
antes de ningún movimiento: 8 tiene dirección -1
-1|-1|-1|-1|-1|-1|-1|-1|-1|-1|-1|-1|
-1|-1|0|-1|-1|1|-1|-1|2|3|-1|-1|
-1|-1|-1|-1|-1|-1|-1|-1|-1|-1|-1|-1|
-1|-1|-1|-1|4|5|-1|-1|6|-1|-1|-1|
-1|-1|-1|-1|-1|-1|-1|-1|-1|-1|-1|-1|
-1|-1|-1|-1|7|-1|-1|-1|-1|-1|-1|-1|
-1|-1|-1|-1|-1|-1|-1|-1|8|-1|-1|-1|
-1|-1|-1|-1|-1|-1|-1|-1|-1|-1|-1|-1|

-----------------------------
i = 0
HORA DE REFRESZARªªªªªªªªªªªªªªªªª!!!!!!!!!
UNA RONDITA DE MOVER A LOS ENEMIGOS YUHU!!!
antes de ningún movimiento: 0 tiene dirección 4
-1|-1|-1|-1|-1|-1|-1|-1|-1|-1|-1|-1|
-1|-1|0|-1|-1|1|-1|-1|2|3|-1|-1|
-1|-1|-1|-1|-1|-1|-1|-1|-1|-1|-1|-1|
-1|-1|-1|-1|4|5|-1|-1|6|-1|-1|-1|
-1|-1|-1|-1|-1|-1|-1|-1|-1|-1|-1|-1|
-1|-1|-1|-1|7|-1|-1|-1|-1|-1|-1|-1|
-1|-1|-1|-1|-1|-1|-1|-1|8|-1|-1|-1|
-1|-1|-1|-1|-1|-1|-1|-1|-1|-1|-1|-1|

-----------------------------
check_if_foe_can_move
move_foe_right
vamos a hacer un movimiento!!!! dirección: 4
Al terminar el movimiento:
-1|-1|-1|-1|-1|-1|-1|-1|-1|-1|-1|-1|
-1|-1|-1|0|-1|1|-1|-1|2|3|-1|-1|
-1|-1|-1|-1|-1|-1|-1|-1|-1|-1|-1|-1|
-1|-1|-1|-1|4|5|-1|-1|6|-1|-1|-1|
-1|-1|-1|-1|-1|-1|-1|-1|-1|-1|-1|-1|
-1|-1|-1|-1|7|-1|-1|-1|-1|-1|-1|-1|
-1|-1|-1|-1|-1|-1|-1|-1|8|-1|-1|-1|
-1|-1|-1|-1|-1|-1|-1|-1|-1|-1|-1|-1|

-----------------------------
antes de ningún movimiento: 1 tiene dirección 4
-1|-1|-1|-1|-1|-1|-1|-1|-1|-1|-1|-1|
-1|-1|-1|0|-1|1|-1|-1|2|3|-1|-1|
-1|-1|-1|-1|-1|-1|-1|-1|-1|-1|-1|-1|
-1|-1|-1|-1|4|5|-1|-1|6|-1|-1|-1|
-1|-1|-1|-1|-1|-1|-1|-1|-1|-1|-1|-1|
-1|-1|-1|-1|7|-1|-1|-1|-1|-1|-1|-1|
-1|-1|-1|-1|-1|-1|-1|-1|8|-1|-1|-1|
-1|-1|-1|-1|-1|-1|-1|-1|-1|-1|-1|-1|

-----------------------------
check_if_foe_can_move
move_foe_right
vamos a hacer un movimiento!!!! dirección: 4
Al terminar el movimiento:
-1|-1|-1|-1|-1|-1|-1|-1|-1|-1|-1|-1|
-1|-1|-1|0|-1|-1|1|-1|2|3|-1|-1|
-1|-1|-1|-1|-1|-1|-1|-1|-1|-1|-1|-1|
-1|-1|-1|-1|4|5|-1|-1|6|-1|-1|-1|
-1|-1|-1|-1|-1|-1|-1|-1|-1|-1|-1|-1|
-1|-1|-1|-1|7|-1|-1|-1|-1|-1|-1|-1|
-1|-1|-1|-1|-1|-1|-1|-1|8|-1|-1|-1|
-1|-1|-1|-1|-1|-1|-1|-1|-1|-1|-1|-1|

-----------------------------
antes de ningún movimiento: 2 tiene dirección 4
-1|-1|-1|-1|-1|-1|-1|-1|-1|-1|-1|-1|
-1|-1|-1|0|-1|-1|1|-1|2|3|-1|-1|
-1|-1|-1|-1|-1|-1|-1|-1|-1|-1|-1|-1|
-1|-1|-1|-1|4|5|-1|-1|6|-1|-1|-1|
-1|-1|-1|-1|-1|-1|-1|-1|-1|-1|-1|-1|
-1|-1|-1|-1|7|-1|-1|-1|-1|-1|-1|-1|
-1|-1|-1|-1|-1|-1|-1|-1|8|-1|-1|-1|
-1|-1|-1|-1|-1|-1|-1|-1|-1|-1|-1|-1|

-----------------------------
check_if_foe_can_move
move_foe_right
vamos a hacer un movimiento!!!! dirección: 3
Al terminar el movimiento:
-1|-1|-1|-1|-1|-1|-1|-1|-1|-1|-1|-1|
-1|-1|-1|0|-1|-1|1|2|-1|3|-1|-1|
-1|-1|-1|-1|-1|-1|-1|-1|-1|-1|-1|-1|
-1|-1|-1|-1|4|5|-1|-1|6|-1|-1|-1|
-1|-1|-1|-1|-1|-1|-1|-1|-1|-1|-1|-1|
-1|-1|-1|-1|7|-1|-1|-1|-1|-1|-1|-1|
-1|-1|-1|-1|-1|-1|-1|-1|8|-1|-1|-1|
-1|-1|-1|-1|-1|-1|-1|-1|-1|-1|-1|-1|

-----------------------------
antes de ningún movimiento: 3 tiene dirección 4
-1|-1|-1|-1|-1|-1|-1|-1|-1|-1|-1|-1|
-1|-1|-1|0|-1|-1|1|2|-1|3|-1|-1|
-1|-1|-1|-1|-1|-1|-1|-1|-1|-1|-1|-1|
-1|-1|-1|-1|4|5|-1|-1|6|-1|-1|-1|
-1|-1|-1|-1|-1|-1|-1|-1|-1|-1|-1|-1|
-1|-1|-1|-1|7|-1|-1|-1|-1|-1|-1|-1|
-1|-1|-1|-1|-1|-1|-1|-1|8|-1|-1|-1|
-1|-1|-1|-1|-1|-1|-1|-1|-1|-1|-1|-1|

-----------------------------
check_if_foe_can_move
move_foe_right
vamos a hacer un movimiento!!!! dirección: 4
Al terminar el movimiento:
-1|-1|-1|-1|-1|-1|-1|-1|-1|-1|-1|-1|
-1|-1|-1|0|-1|-1|1|2|-1|-1|3|-1|
-1|-1|-1|-1|-1|-1|-1|-1|-1|-1|-1|-1|
-1|-1|-1|-1|4|5|-1|-1|6|-1|-1|-1|
-1|-1|-1|-1|-1|-1|-1|-1|-1|-1|-1|-1|
-1|-1|-1|-1|7|-1|-1|-1|-1|-1|-1|-1|
-1|-1|-1|-1|-1|-1|-1|-1|8|-1|-1|-1|
-1|-1|-1|-1|-1|-1|-1|-1|-1|-1|-1|-1|

-----------------------------
antes de ningún movimiento: 4 tiene dirección 4
-1|-1|-1|-1|-1|-1|-1|-1|-1|-1|-1|-1|
-1|-1|-1|0|-1|-1|1|2|-1|-1|3|-1|
-1|-1|-1|-1|-1|-1|-1|-1|-1|-1|-1|-1|
-1|-1|-1|-1|4|5|-1|-1|6|-1|-1|-1|
-1|-1|-1|-1|-1|-1|-1|-1|-1|-1|-1|-1|
-1|-1|-1|-1|7|-1|-1|-1|-1|-1|-1|-1|
-1|-1|-1|-1|-1|-1|-1|-1|8|-1|-1|-1|
-1|-1|-1|-1|-1|-1|-1|-1|-1|-1|-1|-1|

-----------------------------
check_if_foe_can_move
move_foe_right
vamos a hacer un movimiento!!!! dirección: 3
Al terminar el movimiento:
-1|-1|-1|-1|-1|-1|-1|-1|-1|-1|-1|-1|
-1|-1|-1|0|-1|-1|1|2|-1|-1|3|-1|
-1|-1|-1|-1|-1|-1|-1|-1|-1|-1|-1|-1|
-1|-1|-1|4|-1|5|-1|-1|6|-1|-1|-1|
-1|-1|-1|-1|-1|-1|-1|-1|-1|-1|-1|-1|
-1|-1|-1|-1|7|-1|-1|-1|-1|-1|-1|-1|
-1|-1|-1|-1|-1|-1|-1|-1|8|-1|-1|-1|
-1|-1|-1|-1|-1|-1|-1|-1|-1|-1|-1|-1|

-----------------------------
antes de ningún movimiento: 5 tiene dirección 4
-1|-1|-1|-1|-1|-1|-1|-1|-1|-1|-1|-1|
-1|-1|-1|0|-1|-1|1|2|-1|-1|3|-1|
-1|-1|-1|-1|-1|-1|-1|-1|-1|-1|-1|-1|
-1|-1|-1|4|-1|5|-1|-1|6|-1|-1|-1|
-1|-1|-1|-1|-1|-1|-1|-1|-1|-1|-1|-1|
-1|-1|-1|-1|7|-1|-1|-1|-1|-1|-1|-1|
-1|-1|-1|-1|-1|-1|-1|-1|8|-1|-1|-1|
-1|-1|-1|-1|-1|-1|-1|-1|-1|-1|-1|-1|

-----------------------------
check_if_foe_can_move
move_foe_right
vamos a hacer un movimiento!!!! dirección: 4
Al terminar el movimiento:
-1|-1|-1|-1|-1|-1|-1|-1|-1|-1|-1|-1|
-1|-1|-1|0|-1|-1|1|2|-1|-1|3|-1|
-1|-1|-1|-1|-1|-1|-1|-1|-1|-1|-1|-1|
-1|-1|-1|4|-1|-1|5|-1|6|-1|-1|-1|
-1|-1|-1|-1|-1|-1|-1|-1|-1|-1|-1|-1|
-1|-1|-1|-1|7|-1|-1|-1|-1|-1|-1|-1|
-1|-1|-1|-1|-1|-1|-1|-1|8|-1|-1|-1|
-1|-1|-1|-1|-1|-1|-1|-1|-1|-1|-1|-1|

-----------------------------
antes de ningún movimiento: 6 tiene dirección -1
-1|-1|-1|-1|-1|-1|-1|-1|-1|-1|-1|-1|
-1|-1|-1|0|-1|-1|1|2|-1|-1|3|-1|
-1|-1|-1|-1|-1|-1|-1|-1|-1|-1|-1|-1|
-1|-1|-1|4|-1|-1|5|-1|6|-1|-1|-1|
-1|-1|-1|-1|-1|-1|-1|-1|-1|-1|-1|-1|
-1|-1|-1|-1|7|-1|-1|-1|-1|-1|-1|-1|
-1|-1|-1|-1|-1|-1|-1|-1|8|-1|-1|-1|
-1|-1|-1|-1|-1|-1|-1|-1|-1|-1|-1|-1|

-----------------------------
antes de ningún movimiento: 7 tiene dirección 4
-1|-1|-1|-1|-1|-1|-1|-1|-1|-1|-1|-1|
-1|-1|-1|0|-1|-1|1|2|-1|-1|3|-1|
-1|-1|-1|-1|-1|-1|-1|-1|-1|-1|-1|-1|
-1|-1|-1|4|-1|-1|5|-1|6|-1|-1|-1|
-1|-1|-1|-1|-1|-1|-1|-1|-1|-1|-1|-1|
-1|-1|-1|-1|7|-1|-1|-1|-1|-1|-1|-1|
-1|-1|-1|-1|-1|-1|-1|-1|8|-1|-1|-1|
-1|-1|-1|-1|-1|-1|-1|-1|-1|-1|-1|-1|

-----------------------------
check_if_foe_can_move
move_foe_right
move_foe_left
vamos a hacer un movimiento!!!! dirección: 3
Al terminar el movimiento:
-1|-1|-1|-1|-1|-1|-1|-1|-1|-1|-1|-1|
-1|-1|-1|0|-1|-1|1|2|-1|-1|3|-1|
-1|-1|-1|-1|-1|-1|-1|-1|-1|-1|-1|-1|
-1|-1|-1|4|-1|-1|5|-1|6|-1|-1|-1|
-1|-1|-1|-1|-1|-1|-1|-1|-1|-1|-1|-1|
-1|-1|-1|7|-1|-1|-1|-1|-1|-1|-1|-1|
-1|-1|-1|-1|-1|-1|-1|-1|8|-1|-1|-1|
-1|-1|-1|-1|-1|-1|-1|-1|-1|-1|-1|-1|

-----------------------------
antes de ningún movimiento: 8 tiene dirección -1
-1|-1|-1|-1|-1|-1|-1|-1|-1|-1|-1|-1|
-1|-1|-1|0|-1|-1|1|2|-1|-1|3|-1|
-1|-1|-1|-1|-1|-1|-1|-1|-1|-1|-1|-1|
-1|-1|-1|4|-1|-1|5|-1|6|-1|-1|-1|
-1|-1|-1|-1|-1|-1|-1|-1|-1|-1|-1|-1|
-1|-1|-1|7|-1|-1|-1|-1|-1|-1|-1|-1|
-1|-1|-1|-1|-1|-1|-1|-1|8|-1|-1|-1|
-1|-1|-1|-1|-1|-1|-1|-1|-1|-1|-1|-1|

-----------------------------
i = 0
HORA DE REFRESZARªªªªªªªªªªªªªªªªª!!!!!!!!!
UNA RONDITA DE MOVER A LOS ENEMIGOS YUHU!!!
antes de ningún movimiento: 0 tiene dirección 4
-1|-1|-1|-1|-1|-1|-1|-1|-1|-1|-1|-1|
-1|-1|-1|0|-1|-1|1|2|-1|-1|3|-1|
-1|-1|-1|-1|-1|-1|-1|-1|-1|-1|-1|-1|
-1|-1|-1|4|-1|-1|5|-1|6|-1|-1|-1|
-1|-1|-1|-1|-1|-1|-1|-1|-1|-1|-1|-1|
-1|-1|-1|7|-1|-1|-1|-1|-1|-1|-1|-1|
-1|-1|-1|-1|-1|-1|-1|-1|8|-1|-1|-1|
-1|-1|-1|-1|-1|-1|-1|-1|-1|-1|-1|-1|

-----------------------------
check_if_foe_can_move
move_foe_right
vamos a hacer un movimiento!!!! dirección: 4
Al terminar el movimiento:
-1|-1|-1|-1|-1|-1|-1|-1|-1|-1|-1|-1|
-1|-1|-1|-1|0|-1|1|2|-1|-1|3|-1|
-1|-1|-1|-1|-1|-1|-1|-1|-1|-1|-1|-1|
-1|-1|-1|4|-1|-1|5|-1|6|-1|-1|-1|
-1|-1|-1|-1|-1|-1|-1|-1|-1|-1|-1|-1|
-1|-1|-1|7|-1|-1|-1|-1|-1|-1|-1|-1|
-1|-1|-1|-1|-1|-1|-1|-1|8|-1|-1|-1|
-1|-1|-1|-1|-1|-1|-1|-1|-1|-1|-1|-1|

-----------------------------
antes de ningún movimiento: 1 tiene dirección 4
-1|-1|-1|-1|-1|-1|-1|-1|-1|-1|-1|-1|
-1|-1|-1|-1|0|-1|1|2|-1|-1|3|-1|
-1|-1|-1|-1|-1|-1|-1|-1|-1|-1|-1|-1|
-1|-1|-1|4|-1|-1|5|-1|6|-1|-1|-1|
-1|-1|-1|-1|-1|-1|-1|-1|-1|-1|-1|-1|
-1|-1|-1|7|-1|-1|-1|-1|-1|-1|-1|-1|
-1|-1|-1|-1|-1|-1|-1|-1|8|-1|-1|-1|
-1|-1|-1|-1|-1|-1|-1|-1|-1|-1|-1|-1|

-----------------------------
check_if_foe_can_move
move_foe_right
vamos a hacer un movimiento!!!! dirección: 3
Al terminar el movimiento:
-1|-1|-1|-1|-1|-1|-1|-1|-1|-1|-1|-1|
-1|-1|-1|-1|0|1|-1|2|-1|-1|3|-1|
-1|-1|-1|-1|-1|-1|-1|-1|-1|-1|-1|-1|
-1|-1|-1|4|-1|-1|5|-1|6|-1|-1|-1|
-1|-1|-1|-1|-1|-1|-1|-1|-1|-1|-1|-1|
-1|-1|-1|7|-1|-1|-1|-1|-1|-1|-1|-1|
-1|-1|-1|-1|-1|-1|-1|-1|8|-1|-1|-1|
-1|-1|-1|-1|-1|-1|-1|-1|-1|-1|-1|-1|

-----------------------------
antes de ningún movimiento: 2 tiene dirección 4
-1|-1|-1|-1|-1|-1|-1|-1|-1|-1|-1|-1|
-1|-1|-1|-1|0|1|-1|2|-1|-1|3|-1|
-1|-1|-1|-1|-1|-1|-1|-1|-1|-1|-1|-1|
-1|-1|-1|4|-1|-1|5|-1|6|-1|-1|-1|
-1|-1|-1|-1|-1|-1|-1|-1|-1|-1|-1|-1|
-1|-1|-1|7|-1|-1|-1|-1|-1|-1|-1|-1|
-1|-1|-1|-1|-1|-1|-1|-1|8|-1|-1|-1|
-1|-1|-1|-1|-1|-1|-1|-1|-1|-1|-1|-1|

-----------------------------
check_if_foe_can_move
move_foe_right
vamos a hacer un movimiento!!!! dirección: 4
Al terminar el movimiento:
-1|-1|-1|-1|-1|-1|-1|-1|-1|-1|-1|-1|
-1|-1|-1|-1|0|1|-1|-1|2|-1|3|-1|
-1|-1|-1|-1|-1|-1|-1|-1|-1|-1|-1|-1|
-1|-1|-1|4|-1|-1|5|-1|6|-1|-1|-1|
-1|-1|-1|-1|-1|-1|-1|-1|-1|-1|-1|-1|
-1|-1|-1|7|-1|-1|-1|-1|-1|-1|-1|-1|
-1|-1|-1|-1|-1|-1|-1|-1|8|-1|-1|-1|
-1|-1|-1|-1|-1|-1|-1|-1|-1|-1|-1|-1|

-----------------------------
antes de ningún movimiento: 3 tiene dirección 4
-1|-1|-1|-1|-1|-1|-1|-1|-1|-1|-1|-1|
-1|-1|-1|-1|0|1|-1|-1|2|-1|3|-1|
-1|-1|-1|-1|-1|-1|-1|-1|-1|-1|-1|-1|
-1|-1|-1|4|-1|-1|5|-1|6|-1|-1|-1|
-1|-1|-1|-1|-1|-1|-1|-1|-1|-1|-1|-1|
-1|-1|-1|7|-1|-1|-1|-1|-1|-1|-1|-1|
-1|-1|-1|-1|-1|-1|-1|-1|8|-1|-1|-1|
-1|-1|-1|-1|-1|-1|-1|-1|-1|-1|-1|-1|

-----------------------------
check_if_foe_can_move
move_foe_right
move_foe_left
vamos a hacer un movimiento!!!! dirección: 3
Al terminar el movimiento:
-1|-1|-1|-1|-1|-1|-1|-1|-1|-1|-1|-1|
-1|-1|-1|-1|0|1|-1|-1|2|3|-1|-1|
-1|-1|-1|-1|-1|-1|-1|-1|-1|-1|-1|-1|
-1|-1|-1|4|-1|-1|5|-1|6|-1|-1|-1|
-1|-1|-1|-1|-1|-1|-1|-1|-1|-1|-1|-1|
-1|-1|-1|7|-1|-1|-1|-1|-1|-1|-1|-1|
-1|-1|-1|-1|-1|-1|-1|-1|8|-1|-1|-1|
-1|-1|-1|-1|-1|-1|-1|-1|-1|-1|-1|-1|

-----------------------------
antes de ningún movimiento: 4 tiene dirección 3
-1|-1|-1|-1|-1|-1|-1|-1|-1|-1|-1|-1|
-1|-1|-1|-1|0|1|-1|-1|2|3|-1|-1|
-1|-1|-1|-1|-1|-1|-1|-1|-1|-1|-1|-1|
-1|-1|-1|4|-1|-1|5|-1|6|-1|-1|-1|
-1|-1|-1|-1|-1|-1|-1|-1|-1|-1|-1|-1|
-1|-1|-1|7|-1|-1|-1|-1|-1|-1|-1|-1|
-1|-1|-1|-1|-1|-1|-1|-1|8|-1|-1|-1|
-1|-1|-1|-1|-1|-1|-1|-1|-1|-1|-1|-1|

-----------------------------
check_if_foe_can_move
move_foe_left
move_foe_right
vamos a hacer un movimiento!!!! dirección: 4
Al terminar el movimiento:
-1|-1|-1|-1|-1|-1|-1|-1|-1|-1|-1|-1|
-1|-1|-1|-1|0|1|-1|-1|2|3|-1|-1|
-1|-1|-1|-1|-1|-1|-1|-1|-1|-1|-1|-1|
-1|-1|-1|-1|4|-1|5|-1|6|-1|-1|-1|
-1|-1|-1|-1|-1|-1|-1|-1|-1|-1|-1|-1|
-1|-1|-1|7|-1|-1|-1|-1|-1|-1|-1|-1|
-1|-1|-1|-1|-1|-1|-1|-1|8|-1|-1|-1|
-1|-1|-1|-1|-1|-1|-1|-1|-1|-1|-1|-1|

-----------------------------
antes de ningún movimiento: 5 tiene dirección 4
-1|-1|-1|-1|-1|-1|-1|-1|-1|-1|-1|-1|
-1|-1|-1|-1|0|1|-1|-1|2|3|-1|-1|
-1|-1|-1|-1|-1|-1|-1|-1|-1|-1|-1|-1|
-1|-1|-1|-1|4|-1|5|-1|6|-1|-1|-1|
-1|-1|-1|-1|-1|-1|-1|-1|-1|-1|-1|-1|
-1|-1|-1|7|-1|-1|-1|-1|-1|-1|-1|-1|
-1|-1|-1|-1|-1|-1|-1|-1|8|-1|-1|-1|
-1|-1|-1|-1|-1|-1|-1|-1|-1|-1|-1|-1|

-----------------------------
check_if_foe_can_move
move_foe_right
vamos a hacer un movimiento!!!! dirección: 4
Al terminar el movimiento:
-1|-1|-1|-1|-1|-1|-1|-1|-1|-1|-1|-1|
-1|-1|-1|-1|0|1|-1|-1|2|3|-1|-1|
-1|-1|-1|-1|-1|-1|-1|-1|-1|-1|-1|-1|
-1|-1|-1|-1|4|-1|-1|5|6|-1|-1|-1|
-1|-1|-1|-1|-1|-1|-1|-1|-1|-1|-1|-1|
-1|-1|-1|7|-1|-1|-1|-1|-1|-1|-1|-1|
-1|-1|-1|-1|-1|-1|-1|-1|8|-1|-1|-1|
-1|-1|-1|-1|-1|-1|-1|-1|-1|-1|-1|-1|

-----------------------------
antes de ningún movimiento: 6 tiene dirección -1
-1|-1|-1|-1|-1|-1|-1|-1|-1|-1|-1|-1|
-1|-1|-1|-1|0|1|-1|-1|2|3|-1|-1|
-1|-1|-1|-1|-1|-1|-1|-1|-1|-1|-1|-1|
-1|-1|-1|-1|4|-1|-1|5|6|-1|-1|-1|
-1|-1|-1|-1|-1|-1|-1|-1|-1|-1|-1|-1|
-1|-1|-1|7|-1|-1|-1|-1|-1|-1|-1|-1|
-1|-1|-1|-1|-1|-1|-1|-1|8|-1|-1|-1|
-1|-1|-1|-1|-1|-1|-1|-1|-1|-1|-1|-1|

-----------------------------
antes de ningún movimiento: 7 tiene dirección 3
-1|-1|-1|-1|-1|-1|-1|-1|-1|-1|-1|-1|
-1|-1|-1|-1|0|1|-1|-1|2|3|-1|-1|
-1|-1|-1|-1|-1|-1|-1|-1|-1|-1|-1|-1|
-1|-1|-1|-1|4|-1|-1|5|6|-1|-1|-1|
-1|-1|-1|-1|-1|-1|-1|-1|-1|-1|-1|-1|
-1|-1|-1|7|-1|-1|-1|-1|-1|-1|-1|-1|
-1|-1|-1|-1|-1|-1|-1|-1|8|-1|-1|-1|
-1|-1|-1|-1|-1|-1|-1|-1|-1|-1|-1|-1|

-----------------------------
check_if_foe_can_move
move_foe_left
move_foe_right
vamos a hacer un movimiento!!!! dirección: 4
Al terminar el movimiento:
-1|-1|-1|-1|-1|-1|-1|-1|-1|-1|-1|-1|
-1|-1|-1|-1|0|1|-1|-1|2|3|-1|-1|
-1|-1|-1|-1|-1|-1|-1|-1|-1|-1|-1|-1|
-1|-1|-1|-1|4|-1|-1|5|6|-1|-1|-1|
-1|-1|-1|-1|-1|-1|-1|-1|-1|-1|-1|-1|
-1|-1|-1|-1|7|-1|-1|-1|-1|-1|-1|-1|
-1|-1|-1|-1|-1|-1|-1|-1|8|-1|-1|-1|
-1|-1|-1|-1|-1|-1|-1|-1|-1|-1|-1|-1|

-----------------------------
antes de ningún movimiento: 8 tiene dirección -1
-1|-1|-1|-1|-1|-1|-1|-1|-1|-1|-1|-1|
-1|-1|-1|-1|0|1|-1|-1|2|3|-1|-1|
-1|-1|-1|-1|-1|-1|-1|-1|-1|-1|-1|-1|
-1|-1|-1|-1|4|-1|-1|5|6|-1|-1|-1|
-1|-1|-1|-1|-1|-1|-1|-1|-1|-1|-1|-1|
-1|-1|-1|-1|7|-1|-1|-1|-1|-1|-1|-1|
-1|-1|-1|-1|-1|-1|-1|-1|8|-1|-1|-1|
-1|-1|-1|-1|-1|-1|-1|-1|-1|-1|-1|-1|

-----------------------------
i = 0
HORA DE REFRESZARªªªªªªªªªªªªªªªªª!!!!!!!!!
UNA RONDITA DE MOVER A LOS ENEMIGOS YUHU!!!
antes de ningún movimiento: 0 tiene dirección 4
-1|-1|-1|-1|-1|-1|-1|-1|-1|-1|-1|-1|
-1|-1|-1|-1|0|1|-1|-1|2|3|-1|-1|
-1|-1|-1|-1|-1|-1|-1|-1|-1|-1|-1|-1|
-1|-1|-1|-1|4|-1|-1|5|6|-1|-1|-1|
-1|-1|-1|-1|-1|-1|-1|-1|-1|-1|-1|-1|
-1|-1|-1|-1|7|-1|-1|-1|-1|-1|-1|-1|
-1|-1|-1|-1|-1|-1|-1|-1|8|-1|-1|-1|
-1|-1|-1|-1|-1|-1|-1|-1|-1|-1|-1|-1|

-----------------------------
check_if_foe_can_move
move_foe_right
vamos a hacer un movimiento!!!! dirección: 3
Al terminar el movimiento:
-1|-1|-1|-1|-1|-1|-1|-1|-1|-1|-1|-1|
-1|-1|-1|0|-1|1|-1|-1|2|3|-1|-1|
-1|-1|-1|-1|-1|-1|-1|-1|-1|-1|-1|-1|
-1|-1|-1|-1|4|-1|-1|5|6|-1|-1|-1|
-1|-1|-1|-1|-1|-1|-1|-1|-1|-1|-1|-1|
-1|-1|-1|-1|7|-1|-1|-1|-1|-1|-1|-1|
-1|-1|-1|-1|-1|-1|-1|-1|8|-1|-1|-1|
-1|-1|-1|-1|-1|-1|-1|-1|-1|-1|-1|-1|

-----------------------------
antes de ningún movimiento: 1 tiene dirección 4
-1|-1|-1|-1|-1|-1|-1|-1|-1|-1|-1|-1|
-1|-1|-1|0|-1|1|-1|-1|2|3|-1|-1|
-1|-1|-1|-1|-1|-1|-1|-1|-1|-1|-1|-1|
-1|-1|-1|-1|4|-1|-1|5|6|-1|-1|-1|
-1|-1|-1|-1|-1|-1|-1|-1|-1|-1|-1|-1|
-1|-1|-1|-1|7|-1|-1|-1|-1|-1|-1|-1|
-1|-1|-1|-1|-1|-1|-1|-1|8|-1|-1|-1|
-1|-1|-1|-1|-1|-1|-1|-1|-1|-1|-1|-1|

-----------------------------
check_if_foe_can_move
move_foe_right
vamos a hacer un movimiento!!!! dirección: 4
Al terminar el movimiento:
-1|-1|-1|-1|-1|-1|-1|-1|-1|-1|-1|-1|
-1|-1|-1|0|-1|-1|1|-1|2|3|-1|-1|
-1|-1|-1|-1|-1|-1|-1|-1|-1|-1|-1|-1|
-1|-1|-1|-1|4|-1|-1|5|6|-1|-1|-1|
-1|-1|-1|-1|-1|-1|-1|-1|-1|-1|-1|-1|
-1|-1|-1|-1|7|-1|-1|-1|-1|-1|-1|-1|
-1|-1|-1|-1|-1|-1|-1|-1|8|-1|-1|-1|
-1|-1|-1|-1|-1|-1|-1|-1|-1|-1|-1|-1|

-----------------------------
antes de ningún movimiento: 2 tiene dirección 4
-1|-1|-1|-1|-1|-1|-1|-1|-1|-1|-1|-1|
-1|-1|-1|0|-1|-1|1|-1|2|3|-1|-1|
-1|-1|-1|-1|-1|-1|-1|-1|-1|-1|-1|-1|
-1|-1|-1|-1|4|-1|-1|5|6|-1|-1|-1|
-1|-1|-1|-1|-1|-1|-1|-1|-1|-1|-1|-1|
-1|-1|-1|-1|7|-1|-1|-1|-1|-1|-1|-1|
-1|-1|-1|-1|-1|-1|-1|-1|8|-1|-1|-1|
-1|-1|-1|-1|-1|-1|-1|-1|-1|-1|-1|-1|

-----------------------------
check_if_foe_can_move
move_foe_right
vamos a hacer un movimiento!!!! dirección: 3
Al terminar el movimiento:
-1|-1|-1|-1|-1|-1|-1|-1|-1|-1|-1|-1|
-1|-1|-1|0|-1|-1|1|2|-1|3|-1|-1|
-1|-1|-1|-1|-1|-1|-1|-1|-1|-1|-1|-1|
-1|-1|-1|-1|4|-1|-1|5|6|-1|-1|-1|
-1|-1|-1|-1|-1|-1|-1|-1|-1|-1|-1|-1|
-1|-1|-1|-1|7|-1|-1|-1|-1|-1|-1|-1|
-1|-1|-1|-1|-1|-1|-1|-1|8|-1|-1|-1|
-1|-1|-1|-1|-1|-1|-1|-1|-1|-1|-1|-1|

-----------------------------
antes de ningún movimiento: 3 tiene dirección 4
-1|-1|-1|-1|-1|-1|-1|-1|-1|-1|-1|-1|
-1|-1|-1|0|-1|-1|1|2|-1|3|-1|-1|
-1|-1|-1|-1|-1|-1|-1|-1|-1|-1|-1|-1|
-1|-1|-1|-1|4|-1|-1|5|6|-1|-1|-1|
-1|-1|-1|-1|-1|-1|-1|-1|-1|-1|-1|-1|
-1|-1|-1|-1|7|-1|-1|-1|-1|-1|-1|-1|
-1|-1|-1|-1|-1|-1|-1|-1|8|-1|-1|-1|
-1|-1|-1|-1|-1|-1|-1|-1|-1|-1|-1|-1|

-----------------------------
check_if_foe_can_move
move_foe_right
vamos a hacer un movimiento!!!! dirección: 4
Al terminar el movimiento:
-1|-1|-1|-1|-1|-1|-1|-1|-1|-1|-1|-1|
-1|-1|-1|0|-1|-1|1|2|-1|-1|3|-1|
-1|-1|-1|-1|-1|-1|-1|-1|-1|-1|-1|-1|
-1|-1|-1|-1|4|-1|-1|5|6|-1|-1|-1|
-1|-1|-1|-1|-1|-1|-1|-1|-1|-1|-1|-1|
-1|-1|-1|-1|7|-1|-1|-1|-1|-1|-1|-1|
-1|-1|-1|-1|-1|-1|-1|-1|8|-1|-1|-1|
-1|-1|-1|-1|-1|-1|-1|-1|-1|-1|-1|-1|

-----------------------------
antes de ningún movimiento: 4 tiene dirección 4
-1|-1|-1|-1|-1|-1|-1|-1|-1|-1|-1|-1|
-1|-1|-1|0|-1|-1|1|2|-1|-1|3|-1|
-1|-1|-1|-1|-1|-1|-1|-1|-1|-1|-1|-1|
-1|-1|-1|-1|4|-1|-1|5|6|-1|-1|-1|
-1|-1|-1|-1|-1|-1|-1|-1|-1|-1|-1|-1|
-1|-1|-1|-1|7|-1|-1|-1|-1|-1|-1|-1|
-1|-1|-1|-1|-1|-1|-1|-1|8|-1|-1|-1|
-1|-1|-1|-1|-1|-1|-1|-1|-1|-1|-1|-1|

-----------------------------
check_if_foe_can_move
move_foe_right
vamos a hacer un movimiento!!!! dirección: 4
Al terminar el movimiento:
-1|-1|-1|-1|-1|-1|-1|-1|-1|-1|-1|-1|
-1|-1|-1|0|-1|-1|1|2|-1|-1|3|-1|
-1|-1|-1|-1|-1|-1|-1|-1|-1|-1|-1|-1|
-1|-1|-1|-1|-1|4|-1|5|6|-1|-1|-1|
-1|-1|-1|-1|-1|-1|-1|-1|-1|-1|-1|-1|
-1|-1|-1|-1|7|-1|-1|-1|-1|-1|-1|-1|
-1|-1|-1|-1|-1|-1|-1|-1|8|-1|-1|-1|
-1|-1|-1|-1|-1|-1|-1|-1|-1|-1|-1|-1|

-----------------------------
antes de ningún movimiento: 5 tiene dirección 4
-1|-1|-1|-1|-1|-1|-1|-1|-1|-1|-1|-1|
-1|-1|-1|0|-1|-1|1|2|-1|-1|3|-1|
-1|-1|-1|-1|-1|-1|-1|-1|-1|-1|-1|-1|
-1|-1|-1|-1|-1|4|-1|5|6|-1|-1|-1|
-1|-1|-1|-1|-1|-1|-1|-1|-1|-1|-1|-1|
-1|-1|-1|-1|7|-1|-1|-1|-1|-1|-1|-1|
-1|-1|-1|-1|-1|-1|-1|-1|8|-1|-1|-1|
-1|-1|-1|-1|-1|-1|-1|-1|-1|-1|-1|-1|

-----------------------------
check_if_foe_can_move
move_foe_right
Al terminar el movimiento:
-1|-1|-1|-1|-1|-1|-1|-1|-1|-1|-1|-1|
-1|-1|-1|0|-1|-1|1|2|-1|-1|3|-1|
-1|-1|-1|-1|-1|-1|-1|-1|-1|-1|-1|-1|
-1|-1|-1|-1|-1|4|-1|5|6|-1|-1|-1|
-1|-1|-1|-1|-1|-1|-1|-1|-1|-1|-1|-1|
-1|-1|-1|-1|7|-1|-1|-1|-1|-1|-1|-1|
-1|-1|-1|-1|-1|-1|-1|-1|8|-1|-1|-1|
-1|-1|-1|-1|-1|-1|-1|-1|-1|-1|-1|-1|

-----------------------------
antes de ningún movimiento: 6 tiene dirección -1
-1|-1|-1|-1|-1|-1|-1|-1|-1|-1|-1|-1|
-1|-1|-1|0|-1|-1|1|2|-1|-1|3|-1|
-1|-1|-1|-1|-1|-1|-1|-1|-1|-1|-1|-1|
-1|-1|-1|-1|-1|4|-1|5|6|-1|-1|-1|
-1|-1|-1|-1|-1|-1|-1|-1|-1|-1|-1|-1|
-1|-1|-1|-1|7|-1|-1|-1|-1|-1|-1|-1|
-1|-1|-1|-1|-1|-1|-1|-1|8|-1|-1|-1|
-1|-1|-1|-1|-1|-1|-1|-1|-1|-1|-1|-1|

-----------------------------
antes de ningún movimiento: 7 tiene dirección 4
-1|-1|-1|-1|-1|-1|-1|-1|-1|-1|-1|-1|
-1|-1|-1|0|-1|-1|1|2|-1|-1|3|-1|
-1|-1|-1|-1|-1|-1|-1|-1|-1|-1|-1|-1|
-1|-1|-1|-1|-1|4|-1|5|6|-1|-1|-1|
-1|-1|-1|-1|-1|-1|-1|-1|-1|-1|-1|-1|
-1|-1|-1|-1|7|-1|-1|-1|-1|-1|-1|-1|
-1|-1|-1|-1|-1|-1|-1|-1|8|-1|-1|-1|
-1|-1|-1|-1|-1|-1|-1|-1|-1|-1|-1|-1|

-----------------------------
check_if_foe_can_move
move_foe_right
move_foe_left
vamos a hacer un movimiento!!!! dirección: 3
Al terminar el movimiento:
-1|-1|-1|-1|-1|-1|-1|-1|-1|-1|-1|-1|
-1|-1|-1|0|-1|-1|1|2|-1|-1|3|-1|
-1|-1|-1|-1|-1|-1|-1|-1|-1|-1|-1|-1|
-1|-1|-1|-1|-1|4|-1|5|6|-1|-1|-1|
-1|-1|-1|-1|-1|-1|-1|-1|-1|-1|-1|-1|
-1|-1|-1|7|-1|-1|-1|-1|-1|-1|-1|-1|
-1|-1|-1|-1|-1|-1|-1|-1|8|-1|-1|-1|
-1|-1|-1|-1|-1|-1|-1|-1|-1|-1|-1|-1|

-----------------------------
antes de ningún movimiento: 8 tiene dirección -1
-1|-1|-1|-1|-1|-1|-1|-1|-1|-1|-1|-1|
-1|-1|-1|0|-1|-1|1|2|-1|-1|3|-1|
-1|-1|-1|-1|-1|-1|-1|-1|-1|-1|-1|-1|
-1|-1|-1|-1|-1|4|-1|5|6|-1|-1|-1|
-1|-1|-1|-1|-1|-1|-1|-1|-1|-1|-1|-1|
-1|-1|-1|7|-1|-1|-1|-1|-1|-1|-1|-1|
-1|-1|-1|-1|-1|-1|-1|-1|8|-1|-1|-1|
-1|-1|-1|-1|-1|-1|-1|-1|-1|-1|-1|-1|

-----------------------------
i = 0
HORA DE REFRESZARªªªªªªªªªªªªªªªªª!!!!!!!!!
UNA RONDITA DE MOVER A LOS ENEMIGOS YUHU!!!
antes de ningún movimiento: 0 tiene dirección 3
-1|-1|-1|-1|-1|-1|-1|-1|-1|-1|-1|-1|
-1|-1|-1|0|-1|-1|1|2|-1|-1|3|-1|
-1|-1|-1|-1|-1|-1|-1|-1|-1|-1|-1|-1|
-1|-1|-1|-1|-1|4|-1|5|6|-1|-1|-1|
-1|-1|-1|-1|-1|-1|-1|-1|-1|-1|-1|-1|
-1|-1|-1|7|-1|-1|-1|-1|-1|-1|-1|-1|
-1|-1|-1|-1|-1|-1|-1|-1|8|-1|-1|-1|
-1|-1|-1|-1|-1|-1|-1|-1|-1|-1|-1|-1|

-----------------------------
check_if_foe_can_move
move_foe_left
vamos a hacer un movimiento!!!! dirección: 3
Al terminar el movimiento:
-1|-1|-1|-1|-1|-1|-1|-1|-1|-1|-1|-1|
-1|-1|0|-1|-1|-1|1|2|-1|-1|3|-1|
-1|-1|-1|-1|-1|-1|-1|-1|-1|-1|-1|-1|
-1|-1|-1|-1|-1|4|-1|5|6|-1|-1|-1|
-1|-1|-1|-1|-1|-1|-1|-1|-1|-1|-1|-1|
-1|-1|-1|7|-1|-1|-1|-1|-1|-1|-1|-1|
-1|-1|-1|-1|-1|-1|-1|-1|8|-1|-1|-1|
-1|-1|-1|-1|-1|-1|-1|-1|-1|-1|-1|-1|

-----------------------------
antes de ningún movimiento: 1 tiene dirección 4
-1|-1|-1|-1|-1|-1|-1|-1|-1|-1|-1|-1|
-1|-1|0|-1|-1|-1|1|2|-1|-1|3|-1|
-1|-1|-1|-1|-1|-1|-1|-1|-1|-1|-1|-1|
-1|-1|-1|-1|-1|4|-1|5|6|-1|-1|-1|
-1|-1|-1|-1|-1|-1|-1|-1|-1|-1|-1|-1|
-1|-1|-1|7|-1|-1|-1|-1|-1|-1|-1|-1|
-1|-1|-1|-1|-1|-1|-1|-1|8|-1|-1|-1|
-1|-1|-1|-1|-1|-1|-1|-1|-1|-1|-1|-1|

-----------------------------
check_if_foe_can_move
move_foe_right
vamos a hacer un movimiento!!!! dirección: 3
Al terminar el movimiento:
-1|-1|-1|-1|-1|-1|-1|-1|-1|-1|-1|-1|
-1|-1|0|-1|-1|1|-1|2|-1|-1|3|-1|
-1|-1|-1|-1|-1|-1|-1|-1|-1|-1|-1|-1|
-1|-1|-1|-1|-1|4|-1|5|6|-1|-1|-1|
-1|-1|-1|-1|-1|-1|-1|-1|-1|-1|-1|-1|
-1|-1|-1|7|-1|-1|-1|-1|-1|-1|-1|-1|
-1|-1|-1|-1|-1|-1|-1|-1|8|-1|-1|-1|
-1|-1|-1|-1|-1|-1|-1|-1|-1|-1|-1|-1|

-----------------------------
antes de ningún movimiento: 2 tiene dirección 4
-1|-1|-1|-1|-1|-1|-1|-1|-1|-1|-1|-1|
-1|-1|0|-1|-1|1|-1|2|-1|-1|3|-1|
-1|-1|-1|-1|-1|-1|-1|-1|-1|-1|-1|-1|
-1|-1|-1|-1|-1|4|-1|5|6|-1|-1|-1|
-1|-1|-1|-1|-1|-1|-1|-1|-1|-1|-1|-1|
-1|-1|-1|7|-1|-1|-1|-1|-1|-1|-1|-1|
-1|-1|-1|-1|-1|-1|-1|-1|8|-1|-1|-1|
-1|-1|-1|-1|-1|-1|-1|-1|-1|-1|-1|-1|

-----------------------------
check_if_foe_can_move
move_foe_right
vamos a hacer un movimiento!!!! dirección: 4
Al terminar el movimiento:
-1|-1|-1|-1|-1|-1|-1|-1|-1|-1|-1|-1|
-1|-1|0|-1|-1|1|-1|-1|2|-1|3|-1|
-1|-1|-1|-1|-1|-1|-1|-1|-1|-1|-1|-1|
-1|-1|-1|-1|-1|4|-1|5|6|-1|-1|-1|
-1|-1|-1|-1|-1|-1|-1|-1|-1|-1|-1|-1|
-1|-1|-1|7|-1|-1|-1|-1|-1|-1|-1|-1|
-1|-1|-1|-1|-1|-1|-1|-1|8|-1|-1|-1|
-1|-1|-1|-1|-1|-1|-1|-1|-1|-1|-1|-1|

-----------------------------
antes de ningún movimiento: 3 tiene dirección 4
-1|-1|-1|-1|-1|-1|-1|-1|-1|-1|-1|-1|
-1|-1|0|-1|-1|1|-1|-1|2|-1|3|-1|
-1|-1|-1|-1|-1|-1|-1|-1|-1|-1|-1|-1|
-1|-1|-1|-1|-1|4|-1|5|6|-1|-1|-1|
-1|-1|-1|-1|-1|-1|-1|-1|-1|-1|-1|-1|
-1|-1|-1|7|-1|-1|-1|-1|-1|-1|-1|-1|
-1|-1|-1|-1|-1|-1|-1|-1|8|-1|-1|-1|
-1|-1|-1|-1|-1|-1|-1|-1|-1|-1|-1|-1|

-----------------------------
check_if_foe_can_move
move_foe_right
move_foe_left
vamos a hacer un movimiento!!!! dirección: 3
Al terminar el movimiento:
-1|-1|-1|-1|-1|-1|-1|-1|-1|-1|-1|-1|
-1|-1|0|-1|-1|1|-1|-1|2|3|-1|-1|
-1|-1|-1|-1|-1|-1|-1|-1|-1|-1|-1|-1|
-1|-1|-1|-1|-1|4|-1|5|6|-1|-1|-1|
-1|-1|-1|-1|-1|-1|-1|-1|-1|-1|-1|-1|
-1|-1|-1|7|-1|-1|-1|-1|-1|-1|-1|-1|
-1|-1|-1|-1|-1|-1|-1|-1|8|-1|-1|-1|
-1|-1|-1|-1|-1|-1|-1|-1|-1|-1|-1|-1|

-----------------------------
antes de ningún movimiento: 4 tiene dirección 4
-1|-1|-1|-1|-1|-1|-1|-1|-1|-1|-1|-1|
-1|-1|0|-1|-1|1|-1|-1|2|3|-1|-1|
-1|-1|-1|-1|-1|-1|-1|-1|-1|-1|-1|-1|
-1|-1|-1|-1|-1|4|-1|5|6|-1|-1|-1|
-1|-1|-1|-1|-1|-1|-1|-1|-1|-1|-1|-1|
-1|-1|-1|7|-1|-1|-1|-1|-1|-1|-1|-1|
-1|-1|-1|-1|-1|-1|-1|-1|8|-1|-1|-1|
-1|-1|-1|-1|-1|-1|-1|-1|-1|-1|-1|-1|

-----------------------------
check_if_foe_can_move
move_foe_right
vamos a hacer un movimiento!!!! dirección: 4
Al terminar el movimiento:
-1|-1|-1|-1|-1|-1|-1|-1|-1|-1|-1|-1|
-1|-1|0|-1|-1|1|-1|-1|2|3|-1|-1|
-1|-1|-1|-1|-1|-1|-1|-1|-1|-1|-1|-1|
-1|-1|-1|-1|-1|-1|4|5|6|-1|-1|-1|
-1|-1|-1|-1|-1|-1|-1|-1|-1|-1|-1|-1|
-1|-1|-1|7|-1|-1|-1|-1|-1|-1|-1|-1|
-1|-1|-1|-1|-1|-1|-1|-1|8|-1|-1|-1|
-1|-1|-1|-1|-1|-1|-1|-1|-1|-1|-1|-1|

-----------------------------
antes de ningún movimiento: 5 tiene dirección 4
-1|-1|-1|-1|-1|-1|-1|-1|-1|-1|-1|-1|
-1|-1|0|-1|-1|1|-1|-1|2|3|-1|-1|
-1|-1|-1|-1|-1|-1|-1|-1|-1|-1|-1|-1|
-1|-1|-1|-1|-1|-1|4|5|6|-1|-1|-1|
-1|-1|-1|-1|-1|-1|-1|-1|-1|-1|-1|-1|
-1|-1|-1|7|-1|-1|-1|-1|-1|-1|-1|-1|
-1|-1|-1|-1|-1|-1|-1|-1|8|-1|-1|-1|
-1|-1|-1|-1|-1|-1|-1|-1|-1|-1|-1|-1|

-----------------------------
check_if_foe_can_move
move_foe_right
Al terminar el movimiento:
-1|-1|-1|-1|-1|-1|-1|-1|-1|-1|-1|-1|
-1|-1|0|-1|-1|1|-1|-1|2|3|-1|-1|
-1|-1|-1|-1|-1|-1|-1|-1|-1|-1|-1|-1|
-1|-1|-1|-1|-1|-1|4|5|6|-1|-1|-1|
-1|-1|-1|-1|-1|-1|-1|-1|-1|-1|-1|-1|
-1|-1|-1|7|-1|-1|-1|-1|-1|-1|-1|-1|
-1|-1|-1|-1|-1|-1|-1|-1|8|-1|-1|-1|
-1|-1|-1|-1|-1|-1|-1|-1|-1|-1|-1|-1|

-----------------------------
antes de ningún movimiento: 6 tiene dirección -1
-1|-1|-1|-1|-1|-1|-1|-1|-1|-1|-1|-1|
-1|-1|0|-1|-1|1|-1|-1|2|3|-1|-1|
-1|-1|-1|-1|-1|-1|-1|-1|-1|-1|-1|-1|
-1|-1|-1|-1|-1|-1|4|5|6|-1|-1|-1|
-1|-1|-1|-1|-1|-1|-1|-1|-1|-1|-1|-1|
-1|-1|-1|7|-1|-1|-1|-1|-1|-1|-1|-1|
-1|-1|-1|-1|-1|-1|-1|-1|8|-1|-1|-1|
-1|-1|-1|-1|-1|-1|-1|-1|-1|-1|-1|-1|

-----------------------------
antes de ningún movimiento: 7 tiene dirección 3
-1|-1|-1|-1|-1|-1|-1|-1|-1|-1|-1|-1|
-1|-1|0|-1|-1|1|-1|-1|2|3|-1|-1|
-1|-1|-1|-1|-1|-1|-1|-1|-1|-1|-1|-1|
-1|-1|-1|-1|-1|-1|4|5|6|-1|-1|-1|
-1|-1|-1|-1|-1|-1|-1|-1|-1|-1|-1|-1|
-1|-1|-1|7|-1|-1|-1|-1|-1|-1|-1|-1|
-1|-1|-1|-1|-1|-1|-1|-1|8|-1|-1|-1|
-1|-1|-1|-1|-1|-1|-1|-1|-1|-1|-1|-1|

-----------------------------
check_if_foe_can_move
move_foe_left
move_foe_right
vamos a hacer un movimiento!!!! dirección: 4
Al terminar el movimiento:
-1|-1|-1|-1|-1|-1|-1|-1|-1|-1|-1|-1|
-1|-1|0|-1|-1|1|-1|-1|2|3|-1|-1|
-1|-1|-1|-1|-1|-1|-1|-1|-1|-1|-1|-1|
-1|-1|-1|-1|-1|-1|4|5|6|-1|-1|-1|
-1|-1|-1|-1|-1|-1|-1|-1|-1|-1|-1|-1|
-1|-1|-1|-1|7|-1|-1|-1|-1|-1|-1|-1|
-1|-1|-1|-1|-1|-1|-1|-1|8|-1|-1|-1|
-1|-1|-1|-1|-1|-1|-1|-1|-1|-1|-1|-1|

-----------------------------
antes de ningún movimiento: 8 tiene dirección -1
-1|-1|-1|-1|-1|-1|-1|-1|-1|-1|-1|-1|
-1|-1|0|-1|-1|1|-1|-1|2|3|-1|-1|
-1|-1|-1|-1|-1|-1|-1|-1|-1|-1|-1|-1|
-1|-1|-1|-1|-1|-1|4|5|6|-1|-1|-1|
-1|-1|-1|-1|-1|-1|-1|-1|-1|-1|-1|-1|
-1|-1|-1|-1|7|-1|-1|-1|-1|-1|-1|-1|
-1|-1|-1|-1|-1|-1|-1|-1|8|-1|-1|-1|
-1|-1|-1|-1|-1|-1|-1|-1|-1|-1|-1|-1|

-----------------------------
i = 0
